75
76
77
78
80
81
88
141
142
143
148
149
150
151
152
153
154
155
156
217
218
219
220
221
222
223
224
225
226
227
228
229
230
231
234
302
304
305
306
307
308
309
310
311
312
313
314
315
316
317
318
319
320
321
323
388
390
391
392
393
394
395
396
397
398
399
400
401
402
403
404
405
406
407
408
409
410
411
412
413
494
495
496
497
498
499
500
501
502
503
504
505
506
507
508
509
510
511
512
513
514
515
524
525
526
527
528
529
530
531
532
533
534
535
536
537
538
663
664
665
674
676
677
678
679
680
681
682
683
684
685
686
687
688
689
690
691
692
693
694
695
696
828
829
830
831
832
833
834
835
836
837
838
839
840
841
842
843
844
845
846
847
848
849
967
968
969
970
971
972
973
974
975
976
977
978
979
980
981
982
983
984
985
986
987
988
991
1117
1118
1119
1120
1121
1122
1123
1124
1125
1126
1127
1128
1129
1130
1131
1132
1133
1140
1141
1142
1143
1144
1145
1146
1268
1269
1270
1271
1272
1273
1284
1285
1286
1287
1288
1289
1290
1291
1292
1293
1294
1295
1296
1297
1298
1299
1437
1438
1439
1440
1441
1442
1443
1444
1445
1446
1447
1448
1449
1450
1451
1452
1453
1454
1455
1456
1587
1588
1589
1590
1591
1592
1593
1594
1595
1596
1597
1598
1599
1611
1612
1613
1734
1735
1736
1737
1738
1739
1740
1741
1742
1748
1749
1750
1751
1752
1754
1883
1884
1885
1897
1898
1899
1900
1901
1902
1903
1904
1905
1906
1907
1909
2037
2038
2039
2040
2041
2042
2043
2044
2045
2046
2047
2048
2049
2050
2061
2062
2063
2064
2065
2066
2067
2197
2198
2199
2200
2201
2202
2203
2211
2212
2213
2214
2215
2216
2217
2218
2219
2220
2221
2222
2223
2225
2338
2349
2351
2352
2353
2354
2355
2356
2357
2358
2359
2360
2361
2362
2363
2364
2365
2366
2499
2500
2501
2502
2503
2504
2505
2506
2507
2508
2509
2510
2511
2512
2513
2514
2515
2516
2517
2518
2519
2527
2645
2646
2647
2648
2649
2650
2651
2652
2653
2654
2655
2656
2657
2662
2663
2664
2665
2666
2667
2668
2669
2670
2795
2796
2809
2810
2811
2812
2813
2814
2815
2816
2817
2818
2819
2820
2821
2822
2823
2824
2967
2968
2969
2970
2971
2972
2973
2974
2975
2976
2977
2978
2979
2980
2981
2982
2983
2984
2985
2990
3105
3106
3107
3108
3109
3110
3111
3112
3113
3114
3115
3128
3129
3130
3131
3132
3133
3134
3135
3136
3137
3138
3139
3140
3285
3286
3287
3288
3289
3290
3291
3292
3293
3294
3295
3296
3297
3298
3299
3300
3427
3428
3429
3430
3431
3432
3433
3434
3435
3436
3437
3438
3439
3440
3441
3442
3443
3444
3445
3450
3589
3590
3591
3592
3593
3594
3595
3596
3597
3598
3599
3612
3613
3614
3615
3616
3617
3618
3619
3620
3621
3622
3623
3624
3625
3626
3753
3754
3755
3756
3757
3758
3759
3760
3761
3762
3763
3764
3765
3766
3767
3768
3769
3770
3771
3773
3774
3907
3909
3910
3911
3912
3913
3914
3915
3916
3917
3918
3919
3920
3921
3927
3928
3929
3930
3931
3932
3933
3934
3935
3936
3937
3938
3939
3940
4079
4080
4081
4082
4083
4084
4085
4086
4087
4088
4089
4090
4091
4092
4093
4094
4095
4096
4098
4100
4106
4232
4233
4234
4235
4236
4237
4238
4239
4240
4241
4242
4243
4244
4245
4246
4247
4248
4249
4250
4251
4256
4257
4258
4259
4260
4380
4381
4382
4383
4384
4385
4386
4387
4388
4389
4390
4391
4403
4404
4405
4406
4407
4408
4409
4410
4411
4412
4413
4414
4415
4416
4417
4418
4419
4420
4537
4538
4539
4540
4541
4542
4543
4544
4545
4546
4547
4548
4549
4550
4551
4552
4553
4554
4555
4556
4557
4558
4560
4692
4693
4694
4695
4696
4697
4698
4699
4700
4701
4702
4703
4704
4705
4706
4720
4721
4722
4723
4724
4725
4726
4727
4728
4729
4730
4731
4732
4733
4734
4861
4862
4863
4864
4865
4866
4867
4868
4869
4870
4871
4872
4873
4874
4875
4876
4877
4878
4879
4880
5019
5020
5021
5022
5023
5024
5025
5026
5027
5028
5029
5030
5048
5049
5050
5051
5052
5053
5054
5055
5056
5057
5058
5059
5193
5194
5195
5196
5197
5198
5199
5200
5201
5202
5203
5204
5205
5206
5207
5208
5209
5210
5212
5221
5222
5223
5359
5360
5361
5362
5363
5364
5365
5366
5367
5368
5369
5370
5383
5384
5385
5386
5387
5388
5389
5390
5391
5392
5393
5394
5395
5396
5397
5398
5399
5400
5402
5529
5530
5531
5532
5533
5534
5535
5536
5537
5538
5539
5540
5541
5542
5543
5544
5545
5546
5547
5548
5549
5550
5551
5552
5554
5555
5560
5562
5697
5698
5699
5700
5701
5702
5703
5704
5705
5706
5707
5708
5709
5710
5711
5712
5713
5726
5727
5728
5729
5730
5731
5732
5733
5734
5735
5736
5737
5738
5739
5740
5741
5742
5743
5744
5745
5746
5868
5869
5870
5871
5872
5873
5874
5875
5876
5877
5878
5879
5880
5881
5882
5883
5884
5885
5886
5887
5888
5889
5890
5891
5892
5904
5905
5906
5907
5908
5909
5910
5911
5912
5913
5914
5915
5916
5917
5918
6045
6046
6047
6048
6049
6050
6063
6064
6065
6066
6067
6068
6069
6070
6071
6072
6073
6074
6075
6076
6077
6078
6079
6080
6081
6082
6083
6084
6085
6086
6087
6088
6092
6208
6209
6210
6211
6212
6213
6214
6215
6216
6217
6218
6219
6220
6221
6222
6223
6224
6225
6226
6227
6228
6242
6243
6244
6245
6246
6247
6248
6249
6250
6251
6252
6253
6254
6255
6256
6257
6258
6259
6260
6261
6262
6387
6388
6389
6390
6391
6392
6393
6394
6395
6396
6397
6398
6399
6400
6401
6402
6403
6404
6405
6406
6407
6408
6409
6410
6411
6412
6430
6431
6432
6433
6434
6435
6436
6437
6438
6439
6440
6441
6565
6566
6567
6568
6569
6570
6571
6572
6573
6587
6588
6589
6590
6591
6592
6593
6594
6595
6596
6597
6598
6599
6600
6601
6602
6603
6604
6605
6606
6607
6608
6609
6610
6611
6612
6613
6734
6735
6736
6737
6738
6739
6740
6741
6742
6743
6744
6745
6746
6747
6748
6749
6750
6751
6752
6753
6754
6755
6756
6772
6773
6774
6775
6776
6777
6778
6779
6780
6781
6782
6783
6784
6785
6786
6787
6788
6789
6790
6791
6919
6920
6921
6922
6923
6924
6925
6926
6927
6928
6929
6930
6931
6932
6933
6934
6935
6936
6937
6938
6939
6940
6941
6942
6943
6944
6948
6962
6963
6964
7067
7068
7069
7070
7071
7072
7073
7074
7075
7076
7077
7078
7079
7080
7081
7082
7083
7084
7092
7093
7094
7095
7096
7097
7098
7099
7100
7101
7102
7103
7104
7105
7106
7107
7108
7109
7110
7111
7112
7113
7115
7117
7215
7217
7218
7219
7220
7221
7222
7223
7224
7225
7226
7227
7228
7229
7230
7231
7232
7233
7234
7245
7248
7249
7250
7251
7252
7253
7254
7255
7256
7257
7258
7259
7260
7261
7369
7370
7371
7372
7373
7374
7375
7376
7377
7378
7379
7380
7381
7382
7383
7384
7483
7484
7485
7486
7487
7488
7489
7490
7491
7492
7493
7494
7495
7496
7497
7507
7509
7577
7578
7579
7580
7581
7582
7587
7589
7590
7591
7592
7593
7594
7595
7596
7597
7599
7661
7662
7663
7664
7665
7666
7667
7668
7669
7670
7672
7674
7676
7678
7679
7680
13717
13718
13719
13720
13722
13778
13779
13780
13781
13782
13783
13784
13785
13790
13791
13792
13793
13794
13795
13796
13852
13854
13855
13856
13857
13858
13859
13937
13940
13941
13942
13958
13959
13960
13961
13963
14110
14111
14112
14113
14114
14115
14116
14117
14118
14119
14120
14126
14127
14128
14238
14239
14240
14241
14242
14243
14255
14256
14257
14258
14259
14260
14261
14262
14263
14264
14381
14382
14383
14384
14385
14386
14387
14388
14389
14390
14391
14392
14395
14396
14397
14398
14399
14400
14401
14402
14403
14404
14503
14505
14514
14515
14516
14517
14518
14519
14520
14521
14522
14523
14524
14525
14526
14527
14528
14636
14637
14638
14639
14640
14641
14642
14643
14644
14645
14646
14647
14648
14649
14651
14652
14653
14654
14655
14656
14657
14658
14659
14660
14661
14774
14775
14776
14787
14788
14789
14790
14791
14792
14793
14794
14795
14796
14797
14798
14799
14800
14801
14802
14803
14923
14924
14925
14926
14927
14928
14929
14930
14931
14932
14933
14934
14935
14936
14937
14938
14939
14942
14943
14944
15055
15056
15057
15058
15059
15060
15061
15062
15063
15074
15075
15076
15077
15078
15079
15080
15081
15082
15083
15084
15085
15086
15087
15088
15212
15213
15214
15215
15216
15217
15218
15219
15220
15221
15222
15223
15224
15225
15226
15227
15230
15231
15232
15233
15234
15235
15350
15351
15352
15353
15354
15355
15370
15371
15372
15373
15374
15375
15376
15377
15378
15379
15380
15381
15382
15383
15503
15504
15506
15507
15508
15509
15510
15511
15512
15513
15514
15515
15524
15525
15526
15527
15528
15529
15530
15531
15532
15533
15534
15535
15536
15537
15667
15669
15670
15671
15672
15673
15674
15675
15676
15677
15678
15679
15680
15681
15682
15683
15684
15688
15689
15690
15691
15692
15693
15805
15806
15807
15808
15809
15810
15816
15817
15818
15819
15820
15821
15822
15823
15824
15825
15826
15827
15828
15829
15830
15831
15952
15953
15954
15955
15956
15957
15958
15959
15960
15961
15962
15963
15964
15965
15966
15967
15968
15969
15973
15974
15975
15976
15977
15978
16093
16094
16095
16096
16097
16098
16099
16100
16101
16106
16107
16108
16109
16110
16111
16112
16113
16114
16115
16116
16117
16118
16119
16120
16121
16122
16257
16259
16260
16261
16262
16263
16264
16265
16266
16267
16268
16269
16270
16271
16272
16273
16274
16275
16279
16280
16281
16282
16283
16284
16285
16286
16287
16404
16405
16407
16408
16409
16414
16415
16416
16417
16418
16419
16420
16421
16422
16423
16424
16425
16426
16427
16428
16429
16430
16431
16568
16569
16570
16571
16572
16573
16574
16575
16576
16577
16578
16579
16580
16581
16582
16583
16584
16585
16589
16590
16591
16592
16593
16594
16707
16708
16709
16710
16711
16712
16713
16714
16715
16716
16717
16720
16721
16722
16723
16724
16725
16726
16727
16728
16729
16730
16731
16732
16733
16734
16852
16853
16866
16867
16868
16869
16870
16871
16872
16873
16874
16875
16876
16877
16878
16879
16880
16881
16882
16883
16884
17000
17001
17002
17003
17004
17005
17006
17007
17008
17009
17010
17011
17012
17013
17014
17015
17016
17019
17020
17021
17022
17023
17024
17025
17026
17027
17028
17029
17030
17031
17141
17142
17144
17153
17154
17155
17156
17157
17158
17159
17160
17161
17162
17163
17164
17165
17166
17167
17168
17169
17170
17171
17295
17296
17297
17298
17299
17300
17301
17302
17303
17304
17305
17306
17307
17308
17309
17310
17311
17312
17313
17314
17317
17318
17319
17320
17321
17322
17431
17433
17434
17435
17436
17437
17438
17439
17440
17441
17442
17443
17444
17446
17447
17451
17452
17453
17454
17455
17456
17457
17458
17459
17460
17461
17569
17570
17571
17572
17582
17583
17584
17585
17586
17587
17588
17589
17590
17591
17592
17593
17594
17595
17596
17719
17720
17721
17722
17723
17724
17725
17726
17727
17728
17729
17730
17731
17732
17733
17735
17736
17740
17741
17742
17743
17744
17745
17846
17847
17848
17849
17850
17851
17852
17853
17854
17855
17860
17861
17862
17863
17864
17865
17866
17867
17868
17869
17870
17871
17872
17873
17989
17990
17991
17992
17993
17994
17995
17996
17997
17998
17999
18000
18001
18002
18003
18004
18005
18006
18124
18125
18126
18127
18128
18129
18130
18131
18132
18133
18134
18135
18136
18137
18138
18139
18143
18144
18145
18146
18147
18148
18252
18254
18255
18256
18257
18258
18259
18263
18264
18265
18266
18267
18268
18269
18270
18271
18272
18273
18274
18275
18276
18277
18378
18389
18390
18391
18392
18393
18394
18395
18396
18397
18398
18399
18400
18401
18402
18403
18404
18405
18407
18504
18505
18506
18507
18508
18509
18510
18511
18512
18513
18514
18515
18516
18517
18518
18519
18520
18521
18522
18523
18524
18526
18527
18528
18529
18642
18644
18645
18646
18647
18648
18649
18650
18651
18652
18653
18654
18655
18656
18657
18658
18661
18662
18663
18664
18665
18666
18667
18824
18826
18827
18828
18829
18830
18831
18832
18833
18834
18835
18838
18842
18843
18844
18845
18846
18847
18848
18849
18850
18851
18852
19017
19018
19019
19036
19037
19038
19039
19040
19041
19042
19043
19044
19045
19046
19047
19048
19049
19050
19211
19213
19214
19215
19216
19217
19218
19219
19220
19221
19222
19223
19224
19225
19226
19227
19230
19231
19232
19413
19414
19415
19416
19417
19418
19419
19420
19421
19424
19431
19432
19433
19434
19435
19436
19437
19438
19439
19440
19623
19624
19625
19626
19627
19628
19629
19631
19635
19636
19637
19638
19639
19640
19641
19642
19643
19644
19645
19646
19647
19648
19649
19650
19651
19652
19653
19654
19655
19656
19799
19802
19805
19809
19810
19811
19812
19813
19814
19815
19816
19817
19818
19819
19820
19821
19822
19823
19824
19825
19826
19827
19828
19829
19830
19831
19832
19931
19939
19941
19942
19943
19944
19945
19946
19947
19948
19949
19950
19951
19952
19953
19954
19955
19956
19957
19958
19959
19960
19961
20040
20042
20043
20044
20045
20046
20047
20048
20049
20050
20053
20054
20055
20056
20057
20058
20059
20138
20140
20142
20144
