3197
3198
3199
3208
3209
3210
3211
3212
3213
3214
3215
3216
3217
3218
3219
3220
3221
3222
3223
3224
3225
3229
3230
3231
3402
3404
3405
3406
3407
3408
3409
3411
3414
3415
3416
3417
3418
3419
3420
3421
3422
3423
3424
3425
3426
3427
3428
3429
3432
3433
3434
3435
3614
3615
3616
3617
3618
3619
3620
3622
3626
3627
3628
3629
3630
3631
3632
3633
3634
3635
3636
3637
3638
3642
3643
3644
3645
3646
3647
3648
3649
3650
3651
3652
3653
3655
3658
3659
3660
3661
3662
3663
3664
3665
3666
3667
3668
3669
3800
3801
3802
3803
3804
3805
3806
3814
3815
3816
3817
3818
3819
3820
3821
3822
3823
3824
3825
3826
3827
3828
3829
3830
3832
3835
3836
3837
3838
3839
3840
3841
3842
3843
3844
3845
3846
3847
3848
3849
3850
3854
3855
3856
3857
3858
3859
3860
3861
3862
3863
3864
3865
3955
3956
3957
3958
3959
3960
3961
3962
3963
3964
3965
3966
3967
3968
3969
3974
3975
3976
3977
3978
3979
3980
3981
3982
3983
3984
3985
3991
3992
3993
3994
3995
3996
3997
3998
3999
4000
4001
4002
4003
4004
4006
4008
4009
4010
4011
4012
4013
4014
4015
4016
4017
4018
4019
4020
4021
4022
4023
4076
4077
4078
4079
4080
4081
4091
4092
4093
4094
4095
4096
4097
4099
4105
4106
4107
4108
4109
4110
4111
4112
4113
4114
4115
4116
4117
4118
4119
4120
4127
4129
4130
4131
4132
4133
4134
4135
4136
4137
4138
4139
4140
4145
4146
4147
4148
4149
4150
4151
4152
4153
4154
4155
4156
4157
4160
4161
4162
4163
4178
4179
4180
4181
4182
4183
4184
4185
4186
4187
4188
4190
4195
4196
4197
4198
4199
4200
4201
4202
4203
4204
4205
4206
4207
4208
4209
4210
4213
4215
4216
4217
4218
4219
4220
4221
4222
4223
4224
4225
4226
4227
4228
4232
4233
4234
4235
4236
4237
4238
4239
4240
4242
4243
4244
4245
4246
4247
4248
4249
4250
4251
4252
4253
4254
4255
4256
4257
4258
4259
4260
4261
4262
4263
4264
4265
4266
4267
4268
4269
4270
4271
4272
4273
4274
4275
4276
4277
4278
4279
4280
4282
4283
4284
4287
4288
4289
4290
4291
4292
4293
4294
4295
4296
4297
4298
4299
4300
4303
4304
4305
4307
4308
4309
4310
4311
4312
4313
4314
4315
4316
4320
4321
4323
4324
4325
4326
4327
4328
4329
4330
4339
4340
4341
4342
4343
4344
4345
4346
4347
4350
4354
4355
4356
4357
4358
4359
4360
4361
4362
4363
4364
4365
4366
4367
4368
4369
4370
4371
4372
4373
4374
4375
4376
4377
4378
4379
4380
4381
4382
4383
4384
4385
4386
4387
4388
4389
4390
4391
4392
4393
4394
4395
4396
4397
4398
4404
4405
4406
4407
4408
4409
4410
4411
4412
4413
4414
4415
4427
4428
4429
4430
4431
4432
4433
4434
4435
4448
4449
4450
4465
4522
4525
4526
4527
4528
4533
4535
4537
4538
4539
4540
4542
4543
4548
4549
4550
4551
4552
4553
4554
4555
4556
4557
4558
4559
4560
4561
4562
4563
4564
4565
4566
4567
4568
4569
4576
4578
4579
4580
4581
4582
4583
4584
4585
4586
4587
4588
4590
4603
4604
4605
4606
4619
4621
4756
4757
4758
4759
4760
4761
4762
4763
4764
4765
4766
4767
4774
4775
4776
4777
4778
4779
4780
4781
4782
4783
4784
4785
4786
4787
4794
4795
4796
4797
4798
4799
4800
4801
4802
4803
4804
4805
4819
4820
4821
4822
4823
4824
4984
4985
4986
4987
4988
4989
4990
4991
4992
4993
4994
4995
4997
4998
4999
5000
5001
5002
5003
5004
5005
5006
5007
5008
5009
5010
5015
5016
5017
5018
5019
5020
5021
5022
5023
5024
5025
5026
5027
5028
5029
5034
5035
5036
5037
5038
5039
5040
5041
5042
5043
5044
5045
5046
5047
5059
5060
5061
5062
5063
5064
5065
5076
5244
5245
5246
5247
5248
5249
5250
5251
5252
5253
5254
5255
5259
5260
5261
5262
5263
5264
5265
5266
5267
5268
5269
5281
5282
5283
5284
5285
5286
5287
5288
5289
5290
5291
5292
5305
5306
5307
5308
5309
5310
5468
5469
5470
5471
5472
5473
5474
5475
5476
5477
5478
5484
5485
5486
5487
5488
5489
5490
5491
5492
5506
5507
5508
5675
5677
5680
5681
5682
5688
5689
5690
