1452
1454
1457
1459
1461
1463
1764
1765
1766
1767
1768
1769
1770
1771
1772
1781
1782
1783
1784
1785
1786
1787
1788
1792
1793
1794
1795
1796
1797
1798
1799
1800
1801
1802
1803
1805
1806
1808
1809
1816
1817
1818
1819
1820
1821
1822
2036
2037
2038
2039
2040
2059
2060
2079
2080
2094
2095
2096
2097
2098
2099
2100
2110
2111
2112
2113
2114
2115
2116
2117
2121
2122
2127
2128
2129
2130
2131
2132
2133
2134
2144
2145
2146
2147
2148
2149
2150
2151
2152
2153
2154
2156
2170
2171
2172
2173
2174
2175
2176
2177
2178
2179
2180
2181
2198
2200
2201
2202
2203
2204
2205
2206
2207
2209
2348
2349
2350
2351
2352
2353
2355
2372
2373
2374
2375
2376
2377
2378
2380
2393
2394
2395
2396
2397
2398
2399
2400
2401
2402
2403
2404
2405
2419
2420
2421
2422
2423
2424
2425
2426
2427
2428
2443
2444
2445
2446
2447
2448
2449
2450
2451
2452
2453
2454
2459
2460
2461
2462
2463
2464
2465
2466
2467
2468
2469
2470
2471
2472
2475
2476
2477
2478
2479
2480
2481
2482
2483
2484
2485
2486
2488
2489
2490
2491
2492
2493
2494
2495
2496
2497
2498
2499
2500
2501
2502
2503
2504
2505
2506
2507
2508
2509
2510
2511
2512
2513
2514
2515
2516
2517
2518
2519
2520
2521
2522
2523
2524
2525
2526
2527
2528
2530
2531
2532
2533
2534
2535
2536
2537
2538
2539
2540
2554
2555
2556
2557
2558
2559
2560
2561
2562
2563
2564
2565
2581
2583
2584
2585
2586
2587
2588
2589
2590
2610
2611
2612
2613
2614
2615
2616
2617
2619
2639
2640
2641
2642
2643
2644
2645
2646
2647
2648
2658
2659
2660
2661
2662
2663
2664
2665
2672
2673
2674
2675
2676
2677
2678
2679
2680
2682
2685
2686
2687
2688
2689
2690
2691
2692
2693
2694
2695
2696
2697
2698
2699
2700
2701
2702
2703
2704
2705
2706
2707
2708
5181
5182
5183
5184
5185
5186
5187
5188
5189
5190
5191
5192
5193
5194
5195
5196
5197
5198
5200
5201
5202
5203
5204
5205
5206
5208
5210
5211
5212
5213
5214
5215
5216
5217
5218
5219
5228
5229
5230
5231
5232
5233
5234
5235
5246
5247
5248
5249
5250
5251
5252
5253
5254
5265
5266
5267
5268
5269
5270
5271
5272
5273
5287
5288
5289
5302
5303
5304
5314
5315
5316
5317
5318
5319
5320
5321
5322
5336
5337
5338
5339
5340
5341
5342
5343
5344
5345
5346
5347
5354
5355
5357
5358
5359
5360
5361
5362
5363
5364
5365
5366
5367
5368
5369
5370
5373
5374
5375
5376
5377
5378
5379
5380
5381
5382
5383
5384
5385
5386
5387
5388
5389
5390
5393
5394
5395
5397
5398
5399
5400
5401
5402
5403
5404
5405
5406
5407
5408
5409
5410
5412
5414
5415
5417
5418
5419
5420
5421
5422
5423
5424
5425
5426
5427
5428
5429
5430
5434
5435
5436
5437
5438
5439
5440
5441
5442
5443
5444
5445
5446
5447
5448
5449
5452
5453
5454
5455
5456
5457
5458
5459
5460
5461
5462
5463
5464
5465
5468
5469
5470
5471
5472
5473
5474
5475
5476
5477
5478
5479
5480
5481
5484
5485
5486
5488
5489
5490
5491
5492
5493
5494
5495
5496
5497
5501
5502
5504
5505
5506
5507
5508
5509
5510
5511
5512
5513
5517
5518
5519
5520
5521
5522
5523
5524
5525
5526
5527
5528
5532
5535
5537
5538
5539
5540
5541
5542
5543
5544
5545
5546
5547
5548
5549
5550
5551
5557
5558
5559
5560
5561
5562
5563
5564
5565
5566
5567
5568
5579
5580
5581
5582
5583
5584
5585
5586
5587
5601
5602
5762
5835
5856
5857
5858
5859
5860
5861
5862
5863
5864
5865
5866
5867
5868
5869
5870
5871
5877
5878
5879
5880
5881
5882
5883
5884
5885
5886
5887
5888
5889
5891
5910
5911
5912
5913
5914
6123
6124
6125
6126
6127
6128
6129
6130
6131
6132
6133
6134
6135
6136
6137
6138
6139
6140
6141
6142
6148
6150
6151
6152
6153
6154
6155
6156
6157
6158
6159
6160
6161
6162
6163
6181
6182
6183
6184
6417
6418
6419
6422
6423
6424
6435
6436
6437
6438
6439
6440
6441
6442
6443
6454
6455
6456
6457
