64
65
67
68
70
107
114
115
116
117
118
119
120
121
122
123
124
175
176
177
178
179
180
181
182
183
184
248
249
251
252
253
254
255
256
257
265
266
267
268
269
270
271
272
273
274
350
351
352
353
354
355
356
357
358
359
360
361
362
363
364
365
366
368
431
432
433
434
435
436
437
438
439
440
441
442
443
444
445
446
447
448
449
450
451
452
527
529
530
531
532
533
534
535
536
537
538
539
540
541
542
543
544
545
546
547
550
551
552
621
622
623
624
625
626
627
628
629
630
631
632
633
636
637
638
639
640
641
642
643
644
645
646
723
724
725
726
727
728
729
730
731
732
735
736
737
738
739
740
741
742
743
744
745
746
826
828
829
830
831
832
833
837
838
839
840
841
842
843
844
845
846
847
848
926
928
929
930
931
935
936
937
938
939
940
941
942
943
944
945
946
947
948
949
950
1050
1052
1057
1058
1059
1060
1061
1062
1063
1064
1065
1066
1067
1068
1069
1070
1071
1072
1162
1164
1168
1169
1170
1171
1172
1173
1174
1175
1176
1177
1178
1179
1180
1181
1182
1183
1184
1274
1276
1277
1278
1279
1280
1281
1282
1283
1284
1285
1286
1287
1288
1289
1290
1294
1295
1296
1297
1298
1299
1300
1387
1388
1389
1390
1391
1392
1393
1394
1395
1396
1397
1398
1399
1400
1401
1406
1493
1494
1495
1496
1497
1498
1499
1500
1501
1502
1503
1504
1505
1506
1597
1598
1599
1600
1601
1602
1603
1604
1605
1606
1607
1608
1609
1610
1611
1697
1698
1699
1700
1701
1702
1703
1704
1705
1706
1707
1708
1709
1710
1711
1712
1795
1796
1797
1798
1799
1800
1801
1802
1803
1804
1805
1806
1807
1808
1809
1810
1811
1813
1814
1815
1816
1897
1898
1899
1900
1901
1902
1903
1904
1905
1906
1907
1908
1910
1991
1992
1993
1994
1995
1996
1997
1998
1999
2000
2001
2002
2003
2004
2005
2006
2090
2091
2092
2093
2094
2095
2096
2097
2098
2099
2100
2101
2102
2103
2104
2105
2106
2107
2111
2112
2113
2114
2178
2179
2180
2181
2182
2183
2184
2185
2186
2187
2188
2189
2190
2191
2260
2261
2262
2263
2264
2265
2266
2267
2268
2269
2270
2271
2272
2273
2274
2275
2276
2346
2348
2349
2351
2352
2353
2354
2355
2356
2357
2358
2359
2360
2361
2362
2367
2368
2369
2370
2446
2448
2450
2454
2455
2456
2457
2458
2459
2460
2461
2513
2515
2516
2517
2518
2519
2520
2521
2523
2524
3879
3880
3884
3885
3929
3930
3931
3932
3933
3934
3935
3936
3937
3938
3939
3949
3950
3994
3996
3997
3998
3999
4000
4001
4002
4012
4013
4066
4067
4068
4069
4070
4071
4072
4073
4074
4120
4121
4122
4123
4124
4125
4126
4127
4128
4129
4130
4131
4132
4133
4144
4145
4213
4214
4215
4216
4217
4218
4219
4220
4221
4222
4223
4225
4288
4289
4290
4291
4292
4293
4294
4295
4296
4297
4298
4299
4300
4302
4357
4358
4359
4360
4361
4362
4363
4370
4371
4372
4373
4374
4375
4376
4377
4378
4379
4380
4434
4435
4436
4437
4438
4439
4440
4441
4442
4443
4444
4451
4452
4453
4454
4455
4456
4457
4517
4518
4519
4520
4521
4522
4523
4524
4525
4526
4527
4528
4529
4530
4531
4533
4538
4539
4600
4601
4602
4603
4604
4605
4606
4607
4608
4609
4610
4611
4612
4683
4684
4685
4686
4687
4688
4689
4690
4691
4692
4693
4694
4763
4764
4765
4766
4767
4768
4769
4770
4771
4772
4840
4841
4842
4843
4844
4845
4846
4847
4848
4849
4850
4851
4852
4853
4857
4858
4859
4860
4930
4931
4932
4933
4934
4935
4936
4937
4938
4939
4940
4941
4942
4943
4951
5012
5013
5014
5015
5016
5017
5018
5019
5020
5021
5022
5023
5094
5095
5096
5097
5098
5099
5100
5101
5102
5103
5104
5105
5182
5183
5184
5185
5186
5187
5188
5189
5190
5191
5192
5193
5255
5257
5258
5259
5260
5261
5262
5263
5264
5265
5266
5333
5334
5335
5336
5337
5338
5339
5340
5341
5342
5406
5407
5408
5409
5410
5411
5412
5413
5414
5415
5474
5475
5476
5477
5478
5479
5480
5481
5534
5536
5537
5538
5539
5540
5541
5601
5603
5604
5605
5606
5607
5610
5659
5660
5661
5662
5663
5664
5670
