6
7
8
9
10
11
16
17
18
19
20
21
22
27
28
29
30
31
32
33
34
39
40
41
42
43
44
45
46
51
52
53
54
55
56
57
58
64
65
66
67
68
69
70
71
72
73
80
81
82
83
84
85
86
87
88
89
96
97
98
99
100
101
102
103
104
105
112
113
114
115
116
117
118
119
120
121
126
127
128
129
130
137
138
139
140
141
142
149
150
151
152
153
154
161
162
163
164
165
166
167
168
169
170
171
178
179
180
181
182
183
184
185
186
188
189
199
200
201
202
203
204
205
206
207
208
218
219
220
221
222
223
233
234
235
236
237
238
249
250
251
252
253
262
263
264
265
273
274
275
284
285
296
297
309
319
320
322
336
338
339
340
341
342
343
344
345
346
356
358
359
360
361
362
363
364
378
379
380
381
382
383
389
390
391
392
393
394
401
402
403
404
405
406
407
408
409
410
411
418
419
420
421
422
423
424
425
426
427
428
429
430
431
432
439
440
441
442
443
444
445
446
447
448
449
450
459
460
461
462
463
464
465
466
467
468
469
470
476
477
478
479
480
481
482
483
484
485
486
493
494
495
496
497
498
499
500
501
509
510
511
512
522
656
657
658
659
660
661
662
663
664
665
666
667
674
675
676
677
678
679
680
681
682
683
684
685
686
687
688
695
696
697
698
699
700
701
702
703
704
705
706
707
714
715
716
717
718
719
720
721
722
729
730
731
732
733
734
735
736
745
746
747
748
749
758
955
957
968
969
970
971
972
973
974
975
976
977
978
979
980
987
988
989
990
991
992
993
994
995
1002
1003
1293
5657
5658
5659
5660
5661
5662
5667
5668
5669
5670
5671
5672
5673
5674
5675
5676
5677
5678
5681
5682
5909
5910
5911
5912
5913
5914
5920
5921
5922
5923
5924
5925
5926
5932
5933
5934
5935
5940
6063
6064
6065
6066
6067
6080
6081
6082
6083
6096
6097
6098
6099
6111
6112
6113
6114
6126
6127
6128
6129
6140
6141
6142
6143
6151
6152
6153
6154
6163
6164
6165
6166
6174
6175
6176
6177
6178
6179
6180
6187
6188
6189
6190
6191
6192
6197
6198
6199
6200
6201
6202
6203
6204
6205
6209
6210
6211
6212
6213
6215
6244
6245
6263
6264
6265
6266
6279
6280
6281
6282
6295
6296
6297
6298
6312
6313
6314
6315
6316
6317
6327
6328
6329
6330
6331
6332
6339
6340
6341
6342
6343
6344
6345
6348
6350
6351
6352
6353
6354
6355
6356
6357
6358
6359
6360
6361
6362
6363
6364
6368
6369
6370
6371
6372
6373
6374
6375
6376
6377
6378
6379
6384
6385
6386
6387
6388
6389
6390
6391
6392
6397
6398
6399
6400
6401
6402
6403
6404
6409
6410
6411
6412
6413
6414
6415
6418
6419
6420
6421
6422
6423
6426
6427
6428
6429
6430
6431
6434
6435
6436
6437
6438
6439
6442
6443
6444
6445
6446
6447
6450
6451
6452
6453
6454
6458
6460
6462
6463
6466
6467
6468
6469
6470
6471
6477
6478
6479
6480
6481
6482
6486
6487
6488
6489
6490
6491
6494
6495
6496
6497
6498
6499
6501
6505
6506
6507
6508
6509
6510
6511
6512
6514
6515
6516
6517
6518
6519
6520
6521
6522
6523
6524
6525
6526
6527
6528
6529
6530
6531
