5760
5762
5764
5766
5768
5773
5774
5775
5776
5777
5778
5779
5780
5781
5782
5825
5836
5837
5838
5839
5840
5841
5842
5843
5844
5845
5846
5847
5848
5851
5852
5853
5854
5855
5856
5857
5858
5859
5860
5925
5939
5941
5942
5943
5944
5945
5946
5947
5948
5949
5950
5951
5952
5953
5956
5960
5961
5962
6052
6055
6056
6057
6058
6059
6060
6066
6068
6069
6070
6071
6072
6073
6074
6075
6076
6077
6169
6170
6171
6172
6173
6174
6175
6176
6177
6178
6179
6187
6188
6189
6190
6191
6192
6193
6194
6195
6312
6313
6329
6330
6331
6332
6333
6334
6335
6336
6337
6338
6339
6340
6341
6342
6343
6476
6477
6479
6480
6481
6482
6483
6484
6485
6486
6487
6488
6500
6501
6502
6503
6504
6505
6506
6507
6508
6509
6510
6511
6629
6630
6631
6632
6633
6634
6635
6636
6637
6638
6639
6640
6641
6642
6643
6644
6651
6652
6653
6762
6763
6764
6765
6766
6767
6784
6785
6786
6787
6788
6789
6790
6791
6792
6793
6904
6905
6906
6907
6908
6909
6910
6911
6912
6913
6914
6915
6916
6917
6919
6925
6926
6927
6928
6929
6930
7024
7025
7026
7027
7028
7029
7047
7048
7049
7050
7051
7052
7053
7054
7055
7056
7057
7058
7059
7178
7179
7180
7181
7182
7183
7184
7185
7186
7187
7188
7189
7190
7191
7192
7193
7201
7202
7203
7204
7205
7206
7313
7314
7315
7316
7340
7341
7342
7343
7344
7345
7346
7347
7348
7349
7350
7351
7352
7353
7355
7469
7470
7471
7472
7473
7474
7475
7476
7477
7478
7479
7480
7481
7482
7483
7484
7485
7486
7487
7489
7493
7494
7495
7612
7613
7614
7615
7616
7617
7618
7619
7620
7621
7622
7643
7644
7645
7646
7647
7648
7649
7650
7651
7652
7653
7654
7655
7656
7773
7775
7776
7777
7778
7779
7780
7781
7782
7783
7784
7785
7786
7787
7795
7796
7797
7928
7929
7930
7931
7932
7933
7934
7935
7959
7960
7961
7962
7963
7964
7965
7966
7967
7968
7969
7970
7971
8105
8106
8107
8108
8109
8110
8111
8112
8113
8114
8115
8116
8117
8118
8119
8121
8127
8128
8129
8254
8255
8256
8257
8258
8259
8260
8261
8262
8264
8285
8286
8287
8288
8289
8290
8291
8292
8293
8294
8295
8296
8297
8298
8299
8433
8434
8435
8436
8437
8438
8439
8440
8441
8442
8443
8444
8445
8446
8447
8448
8449
8450
8451
8452
8455
8456
8457
8589
8590
8591
8592
8593
8594
8595
8596
8597
8598
8599
8600
8603
8620
8621
8622
8623
8624
8625
8626
8627
8628
8629
8630
8631
8632
8633
8634
8770
8771
8772
8773
8774
8775
8776
8777
8778
8779
8780
8781
8782
8783
8784
8785
8786
8787
8788
8792
8793
8794
8916
8917
8918
8919
8920
8921
8922
8923
8924
8925
8926
8927
8928
8931
8941
8942
8943
8944
8945
8946
8947
8948
8949
8950
8951
8952
8953
8954
8955
8956
9077
9098
9099
9100
9101
9102
9103
9104
9105
9106
9107
9108
9109
9110
9111
9112
9113
9114
9115
9116
9117
9118
9119
9122
9123
9124
9249
9250
9251
9252
9253
9254
9255
9256
9257
9258
9259
9260
9261
9264
9271
9272
9273
9274
9275
9276
9277
9278
9279
9280
9281
9282
9283
9284
9285
9286
9395
9415
9416
9417
9418
9419
9420
9421
9422
9423
9424
9425
9426
9427
9428
9429
9430
9431
9432
9433
9434
9435
9567
9568
9569
9570
9571
9572
9573
9574
9575
9576
9577
9578
9579
9580
9581
9582
9583
9584
9585
9587
9588
9592
9593
9594
9595
9596
9597
9598
9599
9600
9601
9602
9603
9728
9729
9730
9731
9732
9733
9750
9751
9752
9753
9754
9755
9756
9757
9758
9759
9760
9761
9762
9763
9764
9765
9766
9767
9768
9769
9770
9771
9893
9894
9895
9896
9897
9898
9899
9900
9901
9902
9903
9904
9905
9906
9907
9908
9909
9910
9911
9912
9913
9917
9918
9919
9920
9921
9922
9923
9924
9925
9926
9927
9928
9929
9930
9931
10050
10051
10052
10069
10070
10071
10072
10073
10074
10075
10076
10077
10078
10079
10080
10081
10082
10083
10084
10085
10086
10087
10088
10089
10090
10091
10221
10222
10223
10224
10225
10226
10227
10228
10229
10230
10231
10232
10233
10234
10235
10236
10237
10238
10239
10240
10241
10242
10243
10249
10250
10251
10370
10371
10372
10373
10374
10375
10376
10377
10378
10379
10380
10381
10382
10383
10384
10387
10392
10393
10394
10395
10396
10397
10398
10399
10400
10401
10402
10403
10404
10405
10406
10407
10531
10550
10551
10552
10553
10554
10555
10556
10557
10558
10559
10560
10561
10562
10563
10564
10565
10566
10567
10568
10569
10570
10696
10697
10698
10699
10700
10701
10702
10703
10704
10705
10706
10707
10708
10709
10710
10711
10712
10713
10714
10715
10716
10717
10720
10721
10722
10723
10724
10725
10842
10843
10844
10845
10846
10847
10848
10849
10850
10851
10854
10867
10868
10869
10870
10871
10872
10873
10874
10875
10876
10877
10878
10879
10880
10881
10882
10883
10987
11009
11010
11011
11012
11013
11014
11015
11016
11017
11018
11019
11020
11021
11022
11023
11024
11025
11026
11027
11028
11029
11151
11152
11153
11154
11155
11156
11157
11158
11159
11160
11161
11162
11163
11164
11165
11166
11167
11168
11169
11170
11171
11172
11175
11176
11177
11178
11179
11180
11289
11290
11291
11292
11293
11294
11295
11296
11297
11298
11301
11314
11315
11316
11317
11318
11319
11320
11321
11322
11323
11324
11325
11326
11327
11328
11329
11330
11458
11459
11460
11461
11462
11463
11464
11465
11466
11467
11468
11469
11470
11471
11472
11473
11474
11475
11476
11477
11592
11593
11594
11595
11596
11597
11598
11599
11600
11601
11602
11603
11604
11605
11606
11607
11608
11609
11610
11611
11616
11617
11618
11619
11620
11621
11734
11735
11736
11737
11738
11739
11740
11741
11753
11754
11755
11756
11757
11758
11759
11760
11761
11762
11763
11764
11765
11766
11767
11898
11899
11900
11901
11902
11903
11904
11905
11906
11907
11908
11909
11910
11911
11912
11913
11914
11915
11917
12042
12043
12044
12045
12046
12047
12048
12049
12050
12051
12052
12053
12054
12055
12056
12057
12058
12059
12060
12061
12062
12177
12178
12179
12180
12181
12182
12183
12184
12185
12186
12187
12188
12189
12190
12191
12192
12193
12194
12195
12196
12199
12203
12204
12205
12206
12207
12208
12209
12210
12211
12212
12213
12214
12215
12216
12217
12336
12337
12338
12349
12351
12352
12353
12354
12355
12356
12357
12358
12359
12360
12361
12362
12363
12364
12365
12366
12367
12368
12369
12370
12371
12489
12490
12491
12492
12493
12494
12495
12496
12497
12498
12499
12500
12501
12502
12503
12504
12505
12506
12507
12508
12509
12510
12627
12629
12630
12631
12632
12633
12634
12635
12636
12637
12638
12639
12640
12641
12642
12643
12644
12645
12648
12652
12653
12654
12655
12656
12657
12658
12659
12660
12661
12662
12663
12777
12778
12780
12782
12787
12788
12789
12790
12791
12792
12793
12794
12795
12796
12797
12798
12799
12800
12801
12802
12803
12804
12805
12806
12807
12808
12925
12926
12927
12928
12929
12930
12931
12932
12933
12934
12935
12936
12937
12938
12939
12940
12941
12942
12943
12944
12945
12946
12947
12948
12949
13058
13060
13061
13062
13063
13064
13065
13066
13067
13068
13069
13070
13071
13072
13073
13074
13075
13076
13077
13078
13079
13080
13081
13082
13085
13086
13087
13088
13089
13090
13091
13092
13093
13209
13210
13211
13212
13213
13214
13215
13216
13217
13218
13219
13222
13223
13224
13225
13226
13227
13228
13229
13230
13231
13232
13233
13234
13235
13236
13237
13238
13239
13240
13357
13358
13359
13360
13361
13362
13363
13364
13365
13366
13367
13368
13369
13370
13371
13372
13373
13374
13375
13376
13377
13378
13497
13498
13499
13500
13501
13502
13503
13504
13505
13506
13507
13508
13509
13510
13511
13512
13513
13514
13515
13518
13519
13520
13627
13628
13629
13630
13631
13632
13633
13634
13635
13636
13637
13638
13639
13642
13643
13644
13645
13646
13647
13648
13649
13650
13651
13652
13762
13763
13764
13772
13773
13774
13775
13776
13777
13778
13779
13780
13781
13782
13783
13784
13785
13786
13873
13875
13876
13877
13878
13879
13880
13881
13882
13883
13884
13885
13886
13887
13968
13969
13970
13971
13972
13973
13974
13975
13976
13977
13978
13981
13982
13983
13984
13985
13986
13987
14059
14066
14067
14068
14069
14070
14071
14072
14073
14074
14075
14147
14148
18338
18339
18343
18395
18397
18398
18399
18400
18401
18402
18403
18404
18405
18406
18408
18409
18471
18473
18474
18475
18476
18477
18478
18479
18480
18481
18482
18483
18484
18485
18486
18487
18488
18575
18576
18577
18578
18579
18580
18581
18582
18583
18584
18585
18586
18587
18588
18589
18590
18591
18592
18594
18675
18676
18677
18678
18679
18680
18681
18682
18683
18684
18685
18686
18687
18688
18689
18690
18691
18692
18693
18793
18794
18795
18796
18797
18798
18799
18800
18801
18802
18803
18804
18805
18806
18807
18808
18809
18922
18923
18924
18925
18926
18927
18928
18929
18930
18931
18932
18933
18934
18935
19056
19058
19059
19060
19061
19062
19063
19064
19065
19066
19067
19068
19069
19070
19073
19211
19213
19214
19215
19216
19217
19218
19219
19220
19221
19222
19223
19224
19225
19226
19243
19373
19374
19375
19376
19377
19378
19379
19380
19381
19382
19383
19384
19385
19386
19387
19403
19404
19405
19406
19407
19408
19409
19529
19530
19531
19532
19533
19534
19546
19547
19548
19549
19550
19551
19552
19553
19554
19555
19556
19557
19558
19559
19560
19561
19563
19688
19689
19690
19691
19692
19693
19694
19695
19696
19697
19698
19699
19700
19701
19702
19703
19704
19705
19706
19707
19708
19710
19711
19836
19837
19838
19839
19840
19841
19842
19843
19844
19845
19846
19847
19848
19849
19850
19851
19852
19853
19854
19855
19856
19857
19867
19869
19870
19871
19873
19996
19997
19998
19999
20000
20001
20002
20003
20004
20005
20006
20007
20008
20009
20010
20021
20022
20023
20024
20025
20026
20027
20028
20029
20030
20031
20032
20033
20034
20168
20169
20170
20181
20182
20183
20184
20185
20186
20187
20188
20189
20190
20191
20192
20193
20194
20195
20196
20197
20198
20199
20200
20201
20343
20345
20346
20347
20348
20349
20350
20351
20352
20353
20354
20355
20356
20357
20358
20359
20360
20361
20362
20363
20364
20365
20366
20375
20519
20520
20521
20522
20523
20524
20525
20526
20527
20528
20529
20530
20531
20532
20533
20534
20535
20545
20546
20547
20548
20549
20550
20551
20552
20553
20554
20555
20556
20557
20687
20688
20689
20700
20701
20702
20703
20704
20705
20706
20707
20708
20709
20710
20711
20712
20713
20714
20715
20716
20717
20718
20861
20863
20864
20865
20866
20867
20868
20869
20870
20871
20872
20873
20874
20875
20876
20877
20878
20879
20880
20881
20882
20883
20892
20893
20894
20895
21025
21026
21027
21028
21029
21030
21031
21032
21033
21034
21035
21036
21037
21038
21048
21049
21050
21051
21052
21053
21054
21055
21056
21057
21058
21059
21060
21061
21190
21191
21192
21203
21204
21205
21206
21207
21208
21209
21210
21211
21212
21213
21214
21215
21216
21217
21218
21219
21220
21221
21223
21229
21362
21363
21364
21365
21366
21367
21368
21369
21370
21371
21372
21373
21374
21375
21376
21377
21378
21379
21380
21392
21393
21394
21395
21396
21521
21522
21523
21524
21525
21526
21527
21528
21529
21542
21543
21544
21545
21546
21547
21548
21549
21550
21551
21552
21553
21554
21555
21556
21686
21688
21689
21690
21691
21692
21693
21694
21695
21696
21697
21698
21699
21700
21701
21702
21703
21711
21712
21713
21844
21845
21846
21847
21848
21849
21850
21851
21852
21853
21854
21855
21866
21867
21868
21869
21870
21871
21872
21873
21874
22006
22007
22008
22021
22022
22023
22024
22025
22026
22027
22028
22029
22030
22031
22032
22033
22164
22166
22167
22168
22169
22170
22171
22172
22173
22174
22175
22176
22177
22178
22190
22191
22192
22193
22194
22195
22197
22320
22321
22322
22323
22324
22338
22339
22340
22341
22342
22343
22344
22345
22346
22347
22348
22349
22350
22351
22352
22354
22355
22360
22361
22362
22484
22486
22487
22488
22489
22490
22491
22492
22493
22494
22495
22496
22497
22498
22510
22511
22512
22513
22514
22515
22516
22517
22518
22519
22520
22521
22523
22628
22629
22630
22631
22632
22646
22647
22648
22649
22650
22651
22652
22653
22654
22655
22656
22657
22658
22659
22660
22661
22662
22663
22664
22665
22666
22672
22793
22795
22796
22797
22798
22799
22800
22801
22802
22803
22804
22805
22806
22807
22808
22809
22810
22811
22823
22824
22825
22826
22827
22828
22829
22830
22942
22943
22944
22945
22946
22947
22948
22949
22963
22964
22965
22966
22967
22968
22969
22970
22971
22972
22973
22974
22975
22976
22977
22978
22979
22980
22981
22982
23101
23102
23103
23104
23105
23106
23107
23108
23109
23110
23111
23112
23113
23114
23115
23116
23117
23118
23130
23131
23132
23133
23134
23135
23136
23137
23138
23263
23264
23265
23266
23267
23268
23281
23282
23283
23284
23285
23286
23287
23288
23289
23290
23291
23292
23293
23294
23295
23296
23297
23298
23299
23304
23419
23420
23421
23422
23423
23424
23425
23426
23427
23428
23429
23430
23431
23432
23445
23446
23447
23448
23449
23450
23451
23452
23573
23574
23575
23589
23590
23591
23592
23593
23594
23595
23596
23597
23598
23599
23600
23601
23602
23604
23606
23612
23730
23731
23732
23733
23734
23735
23736
23737
23738
23739
23740
23741
23742
23743
23758
23759
23760
23761
23762
23763
23764
23765
23767
23771
23876
23877
23878
23893
23894
23895
23896
23897
23898
23899
23900
23901
23902
23903
23904
23905
23906
23907
23908
23909
23910
23918
23919
23920
24043
24044
24045
24046
24047
24048
24049
24050
24051
24052
24053
24066
24067
24068
24069
24070
24071
24072
24073
24074
24075
24076
24077
24078
24079
24080
24217
24218
24219
24220
24221
24222
24223
24224
24225
24226
24227
24228
24229
24230
24231
24232
24233
24234
24235
24236
24245
24246
24247
24379
24380
24381
24382
24383
24384
24385
24386
24387
24388
24389
24390
24399
24400
24401
24402
24403
24404
24405
24406
24407
24408
24409
24410
24411
24412
24413
24414
24415
24416
24546
24547
24548
24549
24550
24551
24552
24553
24554
24555
24556
24557
24558
24559
24560
24561
24562
24563
24564
24565
24566
24567
24578
24579
24580
24581
24582
24583
24584
24585
24586
24695
24696
24697
24698
24699
24700
24701
24702
24703
24716
24717
24718
24719
24720
24721
24722
24723
24724
24725
24726
24727
24728
24729
24730
24731
24732
24733
24734
24735
24736
24869
24870
24871
24872
24873
24874
24875
24876
24877
24878
24879
24880
24881
24882
24883
24884
24885
24886
24887
24888
24889
24890
24902
24903
24904
24905
24906
24907
24908
24909
24910
24911
24912
25026
25027
25028
25029
25030
25031
25044
25045
25046
25047
25048
25049
25050
25051
25052
25053
25054
25055
25056
25057
25058
25059
25060
25061
25062
25063
25065
25074
25184
25185
25186
25187
25188
25189
25190
25191
25192
25193
25194
25195
25196
25197
25198
25209
25210
25211
25212
25213
25214
25215
25216
25217
25218
25219
25220
25221
25222
25223
25224
25225
25226
25338
25339
25340
25341
25342
25343
25344
25345
25346
25347
25348
25349
25350
25351
25352
25353
25354
25355
25356
25357
25358
25359
25360
25372
25373
25374
25375
25376
25377
25378
25379
25380
25469
25470
25471
25472
25473
25474
25475
25476
25477
25488
25489
25490
25491
25492
25493
25494
25495
25496
25497
25498
25499
25500
25501
25502
25503
25504
25505
25506
25507
25508
25510
25519
25606
25607
25608
25609
25610
25611
25612
25613
25614
25615
25616
25617
25618
25619
25620
25621
25622
25632
25633
25634
25635
25636
25637
25638
25639
25640
25641
25642
25643
25644
25645
25646
25647
25648
25649
25650
25742
25743
25744
25745
25746
25747
25748
25749
25750
25751
25752
25753
25754
25755
25756
25757
25758
25768
25769
25770
25771
25772
25773
25774
25775
25776
25777
25778
25779
25780
25781
25782
25864
25866
25867
25868
25869
25870
25871
25872
25873
25874
25875
25876
25877
25878
25879
25880
25881
25882
25897
25898
25899
25900
25901
25902
25979
25980
25981
25982
25983
25984
25995
25997
25998
25999
26000
26001
26002
26003
26004
26005
26006
26007
26008
26009
26011
26109
26110
26111
26112
26113
26114
26115
26116
26117
26118
26119
26124
26126
26127
26128
26129
26130
26131
26132
26133
26134
26205
26206
26207
26208
26209
26210
26211
26212
26213
26214
26216
26217
26218
26219
26220
26221
26222
26223
26224
26225
26226
26233
26235
26236
26300
26301
26302
26303
26305
