7
8
9
10
11
12
13
14
15
16
17
18
19
20
21
22
23
24
25
26
27
28
29
30
31
33
34
36
37
38
39
40
41
42
43
44
45
46
47
48
49
50
51
52
53
54
57
58
60
61
62
63
64
65
66
67
68
69
70
71
72
73
74
75
76
77
81
82
84
85
86
87
88
89
90
91
92
93
94
95
96
97
98
99
100
101
108
109
111
112
113
114
115
116
117
118
119
120
121
122
123
124
128
131
132
134
135
136
137
138
139
140
141
142
148
150
151
152
153
154
155
156
157
158
159
163
164
166
167
168
169
170
171
172
173
174
175
179
182
187
188
189
190
191
192
193
194
195
196
197
198
199
200
201
202
203
204
205
206
208
209
210
211
212
213
214
215
216
217
218
219
220
221
222
223
224
226
227
229
230
231
232
233
234
235
236
237
238
239
240
241
242
243
244
245
251
254
255
256
257
258
259
260
261
262
263
264
265
266
267
268
269
278
279
280
281
282
283
284
285
286
287
288
289
290
291
292
293
301
302
303
304
391
392
393
394
395
396
397
398
399
400
401
402
403
404
405
406
407
409
410
412
413
414
415
416
417
418
419
420
421
422
423
425
426
428
429
430
431
432
433
434
435
436
437
438
439
440
441
442
443
445
451
452
454
455
456
457
458
459
460
461
462
463
464
465
466
467
468
469
477
478
479
480
481
482
483
484
495
496
497
508
633
634
635
636
637
638
639
640
641
642
643
644
645
646
647
649
650
652
653
654
655
656
657
658
659
660
661
662
663
665
666
668
669
670
671
672
673
674
675
676
677
678
679
680
686
689
690
691
692
693
694
695
696
697
698
699
700
708
709
710
711
712
713
727
728
729
730
743
905
906
907
908
909
910
911
912
913
914
915
916
917
918
919
920
921
923
932
933
934
935
936
937
938
939
940
941
942
943
944
945
956
957
958
959
960
961
962
963
964
965
966
967
968
969
979
980
981
982
983
984
997
998
999
1013
1252
1253
1254
1255
1256
1257
1258
1259
1260
1261
1262
1263
1264
1265
1267
1277
1278
1279
1280
1281
1282
1283
1284
1285
1286
1287
1288
1289
1290
1299
1300
1301
1302
1556
1557
5405
5410
5411
5412
5413
5414
5415
5417
5633
5645
5646
5655
5656
5657
5658
5659
5660
5661
5662
5663
5666
5667
5668
5669
5670
5671
5673
5674
5675
5903
5904
5905
5906
5907
5909
5916
5917
5918
5919
5920
5921
5922
5923
5924
5925
5926
5927
5931
5932
5933
5934
5935
5936
5937
5938
5939
5940
5943
5944
5945
5946
5947
5948
5949
5950
5952
5953
6131
6132
6133
6134
6135
6149
6150
6151
6152
6153
6154
6161
6162
6163
6164
6165
6166
6167
6168
6169
6170
6171
6172
6173
6178
6179
6180
6181
6182
6183
6184
6185
6186
6187
6188
6189
6192
6193
6194
6195
6196
6197
6198
6199
6200
6201
6202
6203
6356
6357
6358
6360
6373
6374
6375
6376
6377
6378
6380
6386
6387
6388
6389
6390
6391
6392
6393
6394
6395
6396
6397
6398
6399
6400
6401
6402
6403
6409
6410
6411
6412
6413
6414
6415
6416
6417
6418
6419
6420
6421
6422
6424
6425
6426
6427
6428
6429
6430
6431
6432
6433
6434
6435
6436
6437
6438
6439
6440
6441
6442
6443
6444
6445
6446
6447
6460
6461
6468
6477
6478
6653
6654
6655
6656
6657
6658
6661
6664
6665
6666
6667
6668
6669
6670
6671
6672
6673
6674
6675
6676
6677
6679
6680
6681
6682
6683
6684
6685
6686
6687
6688
6689
6690
6691
6692
6693
6694
6695
6696
6697
6698
6699
6701
6702
6703
6704
6705
6706
6707
6708
6709
6710
6711
6712
6713
6718
6720
6721
6722
6723
6724
6725
6726
6727
6728
6729
6737
6738
6739
6740
6742
6752
6768
6769
6784
6785
6800
6801
6816
6823
6824
6825
6826
6827
6830
6836
6837
6838
6839
6840
6841
6842
6843
6844
6845
6853
6854
6855
6856
6857
6858
6859
6860
6861
6864
6865
6866
6867
6868
6869
6870
6871
6872
6873
6874
6875
6876
6877
6878
6879
6880
6881
6882
6883
6884
6885
6886
6887
6888
6889
6890
6891
6892
6893
6894
6895
6896
6897
6898
6899
6900
6901
6902
6903
6904
6905
6906
6907
6908
6909
6910
6911
6912
6913
6914
6915
6916
6917
6918
6919
6920
6921
6922
6923
6924
6925
6926
6927
6928
6929
6931
6932
6933
6934
6935
6936
6937
6938
6939
6940
6941
6942
6943
6944
6945
6946
6947
6948
6949
6950
6951
6952
6953
