2492
2493
2494
2502
2503
2504
2505
2506
2507
2508
2509
2510
2511
2512
2513
2514
2516
2797
2798
2799
2800
2801
2802
2815
2816
2817
2818
2827
2829
2830
2831
2832
2833
2834
2835
2836
2842
2843
2844
2845
2846
2847
2848
2849
2851
2854
2855
2856
2993
2994
2995
2996
2997
3010
3011
3012
3013
3026
3027
3028
3029
3042
3043
3044
3045
3046
3047
3048
3049
3050
3053
3061
3062
3063
3064
3065
3066
3067
3068
3069
3070
3071
3072
3073
3074
3075
3076
3077
3087
3088
3089
3090
3091
3092
3093
3094
3095
3096
3097
3098
3099
3100
3108
3109
3110
3111
3112
3113
3114
3115
3116
3117
3118
3119
3120
3123
3124
3125
3126
3127
3128
3129
3130
3131
3132
3133
3136
3137
3138
3139
3140
3141
3142
3143
3144
3145
3146
3160
3161
3162
3163
3165
3209
3210
3211
3212
3225
3226
3227
3228
3241
3242
3243
3244
3245
3246
3247
3248
3249
3250
3251
3252
3253
3254
3264
3265
3266
3267
3268
3269
3270
3271
3272
3273
3274
3275
3276
3277
3278
3289
3290
3291
3292
3293
3294
3295
3296
3297
3298
3299
3300
3301
3302
3310
3311
3312
3313
3314
3315
3316
3317
3318
3319
3320
3321
3322
3323
3329
3330
3331
3332
3333
3334
3335
3336
3337
3338
3339
3340
3341
3342
3343
3345
3346
3347
3348
3349
3350
3351
3352
3353
3354
3355
3356
3357
3358
3359
3360
3361
3362
3363
3364
3365
3366
3367
3368
3369
3370
3371
3372
3373
3374
3375
3376
3377
3378
3379
3380
3381
3382
3383
3385
3386
3387
3388
3389
3390
3391
3392
3393
3394
3395
3396
3397
3398
3399
3400
3401
3402
3403
3404
3405
3406
3407
3408
3409
3410
3411
3412
3413
3414
3415
3416
3417
3418
3419
3420
3421
3422
3423
3424
3425
3426
3427
3431
3432
3433
3434
3435
3436
3437
3438
3439
3440
3441
3442
3444
3447
3448
3449
3450
3451
3452
3453
3454
3455
3456
3457
3458
3459
3460
3462
3463
3464
3465
3466
3467
3468
3469
3470
3471
3472
3473
3474
3475
3476
3477
3478
3479
3480
3481
3482
3483
3484
3485
3486
3487
3488
3489
3490
3491
3492
4453
4454
4455
4456
4457
4458
4459
4460
4461
4462
4463
4464
4465
4466
4467
4468
4469
4470
4471
4472
4473
4474
4475
4476
4477
4478
4479
4480
4481
4482
4483
4484
4485
4486
4487
4488
4489
4490
4491
4492
4493
4494
4495
4496
4497
4508
4509
4510
4511
4512
4513
4514
4515
4516
4517
4518
4519
4520
4521
4522
4523
4532
4533
4534
4535
4536
4537
4538
4539
4540
4541
4542
4543
4544
4545
4546
4547
4556
4558
4559
4560
4561
4562
4563
4564
4565
4566
4567
4568
4569
4570
4582
4583
4584
4585
4586
4587
4588
4589
4603
4605
4638
4639
4640
4641
4642
4643
4658
4659
4660
4661
4662
4663
4664
4665
4666
4677
4678
4679
4680
4681
4682
4683
4684
4685
4686
4695
4696
4698
4699
4700
4701
4702
4703
4704
4711
4723
4724
4725
4726
4727
4728
4729
4738
4739
4740
4741
4742
4743
4744
4745
4746
4747
4748
4749
4754
4755
4756
4757
4758
4759
4760
4761
4762
4763
4764
4765
4766
4767
4768
4778
4779
4780
4781
4782
4783
4784
4785
4786
4787
4788
4789
4790
4802
4803
4804
4805
4806
4807
4808
4809
4810
4819
4820
4943
4944
4945
4946
4947
4948
4949
4950
4951
4952
4953
4954
4955
4956
4957
4958
4959
4960
4961
4962
4963
4964
4965
4974
4975
4976
4977
4978
4979
4980
4981
4982
4983
4984
4985
4986
4987
4988
4998
4999
5000
5001
5002
5003
5004
5005
5006
5007
5008
5009
5010
5011
5022
5023
5024
5025
5026
5027
5028
5029
5030
5031
5032
5033
5046
5047
5048
5049
5050
5051
5052
5053
5054
5055
5056
5057
5070
5071
5072
5073
5074
5075
5076
5077
5078
5079
5080
5090
5091
5092
5093
5094
5095
5096
5097
5098
5108
5109
5110
5121
5268
5269
5270
5271
5272
5273
5274
5275
5276
5277
5287
5288
5289
5290
5291
5292
5293
5294
5295
5296
5308
5309
5310
5311
5312
5313
5314
5328
5562
5563
5564
5565
5566
5567
5568
5569
5570
5571
5572
5585
5586
5796
5813
5814
