186174
186219
186374
186377
186379
186380
186406
186407
186409
186410
186412
186413
186415
186416
186452
186453
186455
186456
186458
186459
186460
186463
186464
186465
186466
186468
186469
186585
186599
186601
186602
186603
186605
186606
186608
186610
186611
186612
186639
186640
186641
186642
186644
186646
186647
186648
186650
186652
186653
186655
186657
186658
186660
186661
186668
186673
186676
186677
186679
186681
186683
186684
186686
186687
186690
186691
186692
186694
186695
186697
186698
186700
186701
186704
186705
186706
186707
186709
186710
186712
186713
186715
186716
186718
186719
186721
186722
186724
186725
186726
186728
186729
186731
186732
186733
186817
186818
186819
186832
186834
186835
186837
186839
186840
186841
186855
186862
186863
186864
186866
186868
186869
186871
186873
186874
186876
186877
186880
186881
186882
186884
186886
186887
186890
186891
186892
186893
186896
186897
186898
186899
186900
186903
186904
186905
186906
186908
186910
186911
186914
186915
186916
186917
186919
186921
186922
186924
186925
186927
186928
186930
186931
186933
186934
186936
186937
186938
186941
186942
186943
186945
186946
186948
186949
186952
186953
186954
186956
186957
186960
186961
186962
186963
186965
186966
186967
186969
186971
186972
186973
186975
186976
186977
186980
186981
186982
186983
186985
186986
186988
186989
186992
186993
186994
186995
186998
186999
187000
187003
187004
187005
187006
187009
187010
187011
187013
187014
187016
187017
187018
187053
187055
187056
187059
187060
187061
187073
187075
187077
187078
187080
187082
187083
187084
187094
187096
187097
187100
187102
187103
187105
187106
187108
187110
187111
187112
187114
187115
187116
187119
187120
187122
187123
187124
187126
187127
187128
187131
187132
187134
187135
187136
187139
187140
187141
187142
187144
187146
187148
187149
187150
187153
187155
187156
187158
187159
187161
187163
187164
187165
187167
187168
187170
187172
187173
187175
187176
187177
187180
187181
187182
187183
187185
187186
187188
187189
187191
187193
187194
187195
187197
187199
187201
187202
187203
187205
187207
187208
187210
187212
187213
187215
187216
187218
187219
187220
187223
187224
187225
187226
187229
187230
187231
187232
187235
187236
187237
187238
187240
187241
187243
187244
187247
187248
187249
187251
187252
187255
187256
187257
187258
187260
187261
187262
187264
187266
187267
187268
187270
187271
187272
187275
187276
187277
187278
187280
187281
187283
187284
187287
187288
187289
187290
187293
187294
187295
187297
187298
187300
187301
187303
187304
187306
187307
187309
187310
187311
187323
187324
187325
187327
187329
187330
187341
187343
187345
187346
187349
187350
187351
187354
187355
187356
187360
187361
187362
187363
187365
187367
187368
187370
187372
187373
187374
187376
187377
187378
187381
187382
187384
187385
187386
187389
187390
187391
187394
187395
187397
187398
187399
187400
187402
187404
187405
187407
187409
187410
187411
187412
187414
187415
187416
187418
187420
187421
187422
187423
187426
187428
187429
187431
187432
187434
187436
187437
187438
187440
187441
187442
187445
187446
187447
187448
187450
187451
187453
187454
187456
187457
187459
187460
187463
187464
187465
187466
187468
187470
187472
187473
187474
187476
187478
187479
187481
187483
187484
187486
187487
187490
187491
187492
187493
187496
187497
187498
187499
187501
187502
187504
187505
187508
187509
187510
187512
187513
187516
187517
187518
187519
187521
187522
187525
187526
187527
187528
187530
187531
187532
187535
187536
187537
187538
187540
187541
187543
187544
187546
187547
187549
187550
187552
187553
187555
187556
187558
187559
187561
187562
187564
187565
187567
187568
187569
187570
187571
187572
187573
187575
187576
187577
187578
187579
187581
187582
187583
187585
187587
187588
187589
187591
187592
187593
187595
187596
187597
187598
187600
187602
187603
187606
187607
187608
187610
187611
187612
187614
187615
187618
187619
187620
187622
187624
187625
187626
187628
187630
187631
187633
187635
187636
187637
187638
187640
187641
187642
187644
187646
187647
187648
187649
187651
187653
187654
187656
187658
187659
187660
187662
187663
187665
187667
187668
187670
187671
187672
187673
187676
187678
187679
187681
187682
187684
187686
187687
187688
187690
187691
187692
187695
187696
187697
187698
187700
187701
187703
187704
187706
187707
187709
187710
187713
187714
187715
187716
187718
187720
187722
187723
187724
187726
187728
187729
187731
187733
187734
187736
187737
187740
187741
187742
187744
187746
187747
187750
187751
187752
187753
187756
187757
187758
187759
187761
187762
187765
187766
187767
187768
187770
187771
187774
187775
187776
187777
187779
187780
187781
187784
187785
187786
187787
187789
187790
187792
187793
187795
187796
187797
187800
187801
187802
187804
187805
187807
187808
187810
187811
187813
187814
187816
187817
187819
187820
187822
187823
187825
187826
187827
187828
187829
187830
187831
187832
187833
187834
187835
187836
187837
187838
187839
187840
187841
187842
187844
187845
187846
187848
187850
187851
187853
187855
187856
187857
187858
187859
187861
187863
187864
187867
187868
187869
187870
187873
187874
187875
187877
187879
187880
187881
187883
187885
187886
187888
187890
187891
187892
187893
187895
187896
187897
187899
187901
187902
187903
187904
187906
187908
187909
187911
187913
187914
187915
187917
187918
187920
187922
187923
187925
187926
187927
187928
187931
187933
187934
187936
187937
187939
187941
187942
187943
187945
187946
187947
187950
187951
187953
187954
187955
187957
187958
187959
187961
187962
187964
187965
187968
187969
187970
187971
187973
187975
187977
187978
187979
187981
187983
187984
187986
187988
187989
187991
187992
187994
187995
187997
187998
188001
188002
188003
188005
188006
188009
188010
188011
188012
188014
188015
188018
188019
188020
188021
188023
188024
188027
188028
188029
188030
188032
188033
188034
188037
188038
188039
188040
188042
188043
188045
188046
188049
188050
188051
188052
188055
188056
188057
188059
188060
188062
188063
188065
188066
188068
188069
188071
188072
188074
188075
188077
188078
188080
188081
188082
188083
188084
188085
188086
188087
188088
188089
188090
188091
188092
188093
188095
188096
188097
188099
188101
188102
188104
188106
188107
188108
188109
188110
188112
188114
188115
188116
188119
188120
188121
188123
188125
188126
188127
188129
188131
188132
188135
188136
188137
188138
188140
188141
188142
188144
188146
188147
188148
188149
188151
188153
188154
188156
188158
188159
188160
188162
188163
188165
188167
188168
188170
188171
188172
188173
188176
188178
188179
188181
188182
188184
188186
188187
188188
188190
188191
188193
188195
188196
188198
188199
188200
188203
188204
188205
188206
188208
188210
188212
188213
188214
188216
188218
188219
188221
188223
188224
188226
188227
188229
188230
188231
188234
188235
188236
188237
188239
188240
188242
188243
188246
188247
188248
188250
188251
188254
188255
188256
188257
188259
188260
188263
188264
188265
188266
188268
188269
188272
188273
188274
188275
188277
188278
188279
188282
188283
188284
188285
188287
188288
188290
188291
188294
188295
188296
188297
188300
188301
188302
188304
188305
188307
188308
188310
188311
188313
188314
188316
188317
188319
188320
188322
188323
188325
188326
188327
188328
188329
188330
188331
188332
188333
188334
188335
188336
188337
188338
188339
188340
188342
188344
188345
188346
188348
188349
188350
188351
188352
188354
188355
188356
188358
188360
188361
188362
188365
188366
188367
188369
188371
188372
188373
188374
188376
188378
188379
188382
188383
188384
188385
188388
188389
188390
188392
188394
188395
188396
188397
188399
188401
188402
188404
188406
188407
188408
188409
188411
188412
188413
188415
188417
188418
188419
188420
188423
188425
188426
188428
188429
188431
188433
188434
188435
188437
188438
188440
188442
188443
188445
188446
188447
188450
188451
188452
188453
188455
188457
188459
188460
188461
188463
188465
188466
188468
188470
188471
188473
188474
188476
188477
188478
188481
188482
188483
188484
188486
188487
188489
188490
188493
188494
188495
188497
188498
188501
188502
188503
188504
188506
188507
188510
188511
188512
188513
188515
188516
188519
188520
188521
188522
188524
188525
188526
188529
188530
188531
188532
188534
188535
188537
188538
188541
188542
188543
188544
188547
188548
188549
188551
188552
188554
188555
188557
188558
188560
188561
188563
188564
188566
188567
188569
188570
188572
188573
188574
188575
188576
188577
188578
188579
188580
188581
188582
188584
188586
188587
188588
188589
188590
188591
188593
188594
188595
188597
188599
188600
188602
188604
188605
188606
188609
188610
188611
188613
188615
188616
188617
188619
188621
188622
188625
188626
188628
188629
188630
188631
188634
188635
188636
188638
188640
188641
188642
188643
188645
188647
188648
188650
188652
188653
188654
188655
188657
188658
188659
188661
188663
188664
188665
188666
188669
188671
188672
188674
188675
188677
188679
188680
188681
188683
188684
188686
188688
188689
188691
188692
188693
188696
188697
188698
188699
188701
188703
188705
188706
188707
188709
188711
188712
188714
188716
188717
188719
188720
188722
188723
188724
188727
188728
188729
188730
188732
188733
188735
188736
188739
188740
188741
188743
188744
188747
188748
188749
188750
188752
188753
188756
188757
188758
188759
188761
188762
188765
188766
188767
188768
188770
188771
188772
188775
188776
188777
188778
188780
188781
188783
188784
188787
188788
188789
188790
188793
188794
188795
188797
188798
188800
188801
188803
188804
188806
188807
188809
188810
188812
188813
188815
188816
188818
188819
188820
188821
188822
188823
188824
188825
188827
188828
188829
188830
188831
188833
188835
188836
188837
188838
188839
188840
188842
188843
188845
188847
188848
188850
188852
188853
188854
188857
188858
188859
188861
188863
188864
188865
188867
188869
188870
188872
188873
188875
188876
188877
188880
188881
188882
188884
188886
188887
188888
188889
188891
188893
188894
188897
188898
188900
188901
188902
188903
188905
188906
188907
188909
188911
188912
188913
188914
188917
188919
188920
188922
188923
188925
188927
188928
188929
188931
188932
188934
188936
188937
188939
188940
188941
188944
188945
188946
188947
188949
188951
188953
188954
188955
188958
188960
188961
188963
188964
188966
188968
188969
188970
188972
188973
188974
188977
188978
188979
188980
188982
188983
188985
188986
188989
188990
188991
188993
188994
188997
188998
188999
189000
189002
189003
189006
189007
189008
189009
189011
189013
189014
189017
189018
189019
189020
189022
189023
189025
189026
189028
189030
189031
189032
189034
189036
189037
189038
189040
189042
189043
189045
189047
189048
189050
189051
189053
189054
189056
189057
189059
189060
189062
189063
189065
189066
189069
189070
189071
189072
189074
189075
189077
189079
189080
189081
189083
189084
189085
189088
189089
189090
189091
189094
189095
189096
189098
189099
189101
189102
189104
189105
189106
189108
189109
189111
189112
189114
189115
189117
189118
189120
189121
189122
189123
189124
189125
189126
189127
189128
189129
189130
189132
189133
189134
189135
189136
189137
189138
189140
189142
189143
189144
189145
189146
189147
189149
189151
189152
189153
189156
189157
189158
189160
189162
189163
189165
189166
189168
189170
189172
189173
189174
189176
189178
189179
189181
189182
189184
189185
189186
189189
189190
189191
189193
189195
189196
189197
189198
189200
189202
189203
189206
189207
189209
189210
189211
189212
189214
189215
189216
189218
189220
189221
189222
189223
189225
189227
189228
189230
189232
189233
189234
189236
189237
189239
189241
189242
189244
189245
189246
189247
189250
189252
189253
189255
189256
189258
189260
189261
189262
189264
189265
189267
189269
189270
189273
189274
189275
189276
189279
189280
189281
189282
189283
189286
189287
189288
189289
189291
189293
189294
189297
189298
189299
189300
189302
189304
189306
189307
189308
189310
189312
189313
189315
189317
189318
189320
189321
189323
189324
189325
189328
189329
189330
189332
189333
189335
189336
189339
189340
189341
189343
189344
189347
189348
189349
189350
189352
189353
189356
189357
189358
189359
189361
189362
189363
189365
189367
189368
189369
189371
189372
189373
189376
189377
189378
189379
189381
189382
189384
189385
189388
189389
189390
189391
189394
189395
189396
189398
189399
189401
189402
189404
189405
189407
189408
189410
189411
189413
189414
189416
189417
189419
189420
189421
189422
189423
189424
189425
189426
189427
189428
189429
189430
189432
189434
189435
189436
189437
189438
189439
189440
189441
189443
189444
189446
189447
189448
189451
189452
189453
189455
189456
189458
189460
189462
189463
189464
189466
189468
189469
189471
189472
189474
189475
189476
189479
189480
189481
189483
189485
189486
189487
189489
189491
189492
189494
189495
189497
189498
189499
189502
189503
189504
189506
189508
189509
189510
189511
189513
189515
189516
189519
189520
189522
189523
189524
189525
189527
189528
189529
189531
189533
189534
189535
189536
189539
189541
189542
189544
189545
189547
189549
189550
189551
189553
189554
189556
189558
189559
189561
189562
189563
189566
189567
189568
189569
189571
189573
189575
189576
189577
189580
189582
189583
189585
189586
189588
189590
189591
189592
189594
189595
189596
189599
189600
189601
189602
189604
189605
189607
189608
189611
189612
189613
189615
189616
189619
189620
189621
189622
189624
189625
189628
189629
189630
189631
189633
189634
189637
189638
189639
189640
189642
189643
189644
189646
189648
189649
189650
189652
189654
189655
189656
189658
189660
189661
189663
189665
189666
189668
189669
189671
189672
189674
189675
189677
189678
189680
189681
189683
189684
189686
189687
189689
189690
189692
189693
189695
189696
189698
189699
189701
189702
189704
189705
189707
189708
189710
189711
189712
189713
189714
189715
189716
189717
189718
189719
189720
189721
189722
189723
189724
189725
189726
189727
189728
189729
189731
189732
189734
189735
189737
189739
189740
189741
189742
189744
189745
189747
189748
189749
189752
189753
189754
189756
189758
189759
189761
189762
189764
189766
189768
189769
189770
189772
189774
189775
189777
189778
189780
189781
189782
189785
189786
189787
189789
189791
189792
189793
189794
189796
189798
189799
189802
189803
189805
189806
189807
189808
189810
189811
189812
189814
189816
189817
189818
189819
189821
189823
189824
189826
189828
189829
189830
189832
189833
189835
189837
189838
189840
189841
189842
189843
189846
189848
189849
189851
189852
189854
189856
189857
189858
189860
189861
189863
189865
189866
189869
189870
189871
189872
189875
189876
189877
189878
189880
189881
189884
189885
189886
189887
189889
189890
189893
189894
189895
189896
189898
189899
189902
189903
189904
189905
189907
189908
189911
189912
189913
189914
189916
189918
189919
189920
189922
189924
189925
189927
189929
189930
189932
189933
189935
189936
189937
189940
189941
189942
189944
189945
189947
189948
189950
189951
189953
189954
189956
189957
189959
189960
189962
189963
189965
189966
189968
189969
189971
189972
189974
189975
189977
189978
189980
189981
189983
189984
189985
189986
189987
189988
189989
189990
189991
189992
189993
189994
189995
189996
189997
189998
190000
190002
190003
190004
190005
190006
190007
190008
190009
190011
190012
190014
190015
190016
190019
190020
190021
190023
190025
190026
190028
190029
190031
190033
190035
190036
190037
190039
190041
190042
190044
190045
190047
190048
190049
190052
190053
190054
190056
190057
190059
190060
190061
190063
190065
190066
190069
190070
190072
190073
190074
190075
190078
190079
190080
190082
190083
190085
190086
190087
190089
190091
190092
190094
190096
190097
190098
190099
190101
190102
190103
190106
190107
190109
190110
190111
190112
190115
190117
190118
190120
190121
190123
190125
190126
190127
190129
190130
190132
190134
190135
190138
190139
190140
190141
190144
190145
190146
190147
190149
190150
190153
190154
190155
190156
190158
190160
190161
190164
190165
190166
190167
190169
190171
190172
190175
190176
190177
190178
190180
190182
190183
190186
190187
190188
190189
190191
190193
190195
190196
190197
190199
190201
190202
190204
190206
190207
190209
190210
190212
190213
190214
190217
190218
190219
190221
190222
190224
190225
190228
190229
190230
190231
190233
190234
190236
190238
190239
190240
190242
190243
190244
190246
190248
190249
190250
190252
190253
190254
190256
190258
190259
190260
190262
190263
190264
190267
190268
190269
190270
190272
190273
190275
190276
190279
190280
190281
190282
190285
190286
190287
190289
190290
190292
190293
190295
190296
190298
190299
190301
190302
190304
190305
190307
190308
190310
190311
190312
190313
190314
190315
190316
190317
190318
190319
190322
190323
190324
190325
190326
190327
190328
190329
190331
190332
190334
190335
190336
190338
190340
190342
190344
190345
190346
190348
190349
190351
190353
190355
190356
190357
190359
190361
190362
190364
190365
190367
190368
190370
190371
190373
190375
190376
190378
190379
190380
190381
190383
190385
190386
190388
190389
190391
190392
190394
190395
190396
190399
190400
190402
190403
190404
190407
190408
190409
190411
190412
190414
190415
190416
190418
190420
190421
190424
190425
190427
190428
190429
190430
190432
190433
190434
190436
190437
190439
190440
190441
190443
190445
190446
190448
190450
190451
190453
190454
190457
190458
190459
190461
190463
190464
190466
190467
190468
190471
190473
190474
190475
190477
190478
190480
190481
190482
190484
190485
190486
190489
190490
190491
190492
190494
190495
190497
190498
190501
190502
190503
190505
190506
190509
190510
190511
190512
190514
190515
190518
190519
190520
190521
190523
190524
190527
190528
190529
190530
190532
190534
190535
190536
190538
190540
190541
190543
190545
190546
190548
190549
190552
190553
190554
190555
190558
190559
190560
190562
190563
190565
190566
190568
190569
190571
190572
190574
190575
190577
190578
190580
190581
190583
190584
190585
190586
190587
190588
190589
190590
190591
190592
190593
190594
190595
190596
190597
190598
190599
190600
190601
190602
190604
190605
190607
190608
190609
190611
190612
190613
190614
190617
190618
190619
190621
190623
190624
190625
190626
190628
190630
190632
190634
190635
190636
190637
190639
190640
190642
190644
190646
190647
190648
190650
190652
190653
190655
190656
190658
190659
190661
190662
190664
190666
190667
190669
190670
190671
190672
190675
190677
190678
190680
190681
190684
190685
190687
190688
190689
190691
190692
190693
190696
190697
190699
190700
190701
190703
190704
190705
190707
190708
190710
190711
190712
190713
190714
190716
190718
190719
190720
190722
190724
190725
190727
190729
190730
190732
190733
190735
190736
190738
190739
190741
190742
190744
190745
190748
190750
190752
190753
190754
190755
190757
190758
190759
190762
190763
190764
190765
190768
190769
190770
190771
190773
190774
190776
190777
190780
190781
190782
190784
190785
190788
190789
190790
190791
190793
190794
190797
190798
190799
190800
190802
190803
190806
190807
190808
190809
190811
190813
190814
190815
190817
190819
190820
190822
190824
190825
190827
190828
190830
190831
190833
190834
190836
190837
190839
190840
190842
190843
190845
190846
190848
190849
190851
190852
190854
190855
190857
190858
190860
190861
190862
190863
190864
190865
190866
190867
190868
190869
190870
190871
190872
190873
190875
190876
190877
190878
190880
190881
190883
190885
190886
190887
190888
190889
190891
190893
190894
190895
190897
190898
190899
190901
190903
190904
190906
190907
190909
190911
190913
190914
190915
190917
190919
190920
190922
190923
190925
190926
190928
190929
190931
190933
190934
190936
190937
190938
190939
190942
190944
190945
190947
190948
190951
190952
190954
190955
190956
190958
190959
190961
190963
190964
190966
190967
190968
190969
190970
190971
190973
190975
190976
190977
190979
190981
190982
190984
190986
190987
190989
190990
190992
190993
190994
190997
190998
190999
191000
191002
191003
191005
191006
191008
191009
191011
191012
191015
191017
191019
191020
191021
191022
191024
191025
191026
191028
191029
191031
191032
191035
191036
191037
191039
191040
191043
191044
191045
191046
191048
191049
191052
191053
191054
191055
191057
191058
191061
191062
191063
191064
191066
191067
191070
191071
191072
191073
191075
191077
191078
191079
191081
191083
191084
191086
191088
191089
191091
191092
191095
191096
191097
191098
191101
191102
191103
191105
191106
191108
191109
191111
191112
191114
191115
191117
191118
191120
191121
191123
191124
191126
191127
191129
191130
191132
191133
191135
191136
191137
191138
191139
191140
191141
191142
191143
191144
191145
191146
191147
191148
191149
191150
191152
191154
191155
191156
191157
191158
191159
191160
191161
191163
191164
191166
191167
191168
191171
191172
191173
191175
191176
191178
191180
191182
191183
191184
191186
191188
191189
191191
191192
191194
191195
191196
191198
191199
191200
191202
191204
191205
191206
191209
191211
191212
191214
191215
191218
191219
191221
191222
191223
191225
191226
191228
191230
191231
191233
191234
191235
191236
191237
191238
191240
191242
191243
191244
191246
191248
191249
191251
191253
191254
191256
191257
191259
191260
191262
191264
191265
191267
191268
191269
191272
191274
191276
191277
191278
191279
191281
191282
191283
191285
191286
191287
191290
191291
191292
191293
191295
191296
191298
191299
191302
191303
191304
191306
191307
191310
191311
191312
191313
191315
191316
191319
191320
191321
191322
191324
191326
191327
191330
191331
191332
191333
191335
191336
191339
191340
191341
191342
191344
191346
191347
191348
191350
191352
191353
191355
191357
191358
191360
191361
191363
191364
191366
191367
191369
191370
191372
191373
191375
191376
191379
191380
191381
191382
191384
191385
191388
191389
191390
191391
191394
191395
191396
191398
191399
191401
191402
191404
191405
191407
191408
191410
191411
191413
191414
191415
191417
191418
191420
191421
191422
191423
191424
191425
191426
191427
191428
191429
191430
191431
191432
191434
191435
191436
191437
191438
191439
191440
191442
191443
191445
191446
191447
191450
191451
191452
191454
191455
191457
191459
191461
191462
191463
191465
191467
191468
191470
191471
191473
191474
191475
191478
191479
191480
191482
191484
191485
191486
191488
191490
191491
191493
191494
191495
191496
191498
191499
191500
191502
191503
191505
191506
191508
191509
191511
191512
191514
191516
191517
191518
191520
191521
191523
191524
191526
191527
191529
191530
191531
191533
191535
191536
191538
191540
191541
191543
191544
191546
191547
191549
191550
191553
191554
191555
191557
191558
191561
191562
191563
191564
191566
191567
191570
191571
191572
191573
191575
191577
191578
191581
191582
191583
191584
191586
191588
191589
191592
191594
191595
191596
191598
191599
191601
191602
191603
191606
191614
191624
191634
191638
191647
191650
191659
191680
191876
191877
191878
191879
191880
191881
191882
191883
191884
191885
191886
191887
191888
191889
191891
191892
191894
191895
191898
191899
191900
191901
191904
191905
191906
191908
191909
191910
191911
191913
191915
191917
191919
191920
191921
191923
191925
191926
191928
191929
191932
191934
191935
191937
191938
191939
191941
191943
191944
191945
191947
191949
191950
191952
191953
191954
191956
191957
191959
191961
191962
191964
191965
191966
191969
191971
191973
191974
191975
191976
191978
191980
191981
191982
191986
191987
191997
191998
191999
192001
192003
192005
192013
192018
192019
192372
192373
192374
192375
192376
192377
192378
192379
192380
192381
192382
192384
192385
192386
192387
192389
192390
192392
192394
192395
192396
192397
192398
192401
192402
192403
192405
192406
192407
192409
192410
192412
192414
192415
192417
192419
192837
192838
192839
192840
192841
192842
192843
192845
192846
192847
192849
192850
192851
199574
199575
199587
199590
199592
199593
199596
199597
199599
199600
199601
199614
199615
199617
199618
199619
199622
199624
199625
199627
199629
199630
199631
199644
199645
199646
199647
199649
199650
199652
199654
199655
199657
199658
199660
199661
199663
199664
199666
199667
199669
199670
199671
199672
199830
199833
199835
199836
199850
199851
199852
199854
199856
199857
199859
199860
199861
199874
199876
199877
199879
199881
199883
199884
199885
199887
199889
199890
199892
199893
199895
199896
199909
199911
199913
199914
199917
199918
199920
199921
199922
199923
199925
199926
199927
199929
199930
199932
199933
199935
199937
199939
199940
199941
199942
199944
199945
199947
199949
199950
199951
199952
199955
199957
199958
199960
199962
199963
199964
199966
199969
199970
199971
199972
199973
199974
199975
199976
199977
199979
199980
199982
199984
199985
199987
199988
199989
199991
199992
199993
199994
200123
200126
200127
200129
200131
200133
200134
200135
200175
200177
200178
200180
200181
200183
200184
200186
200187
200189
200190
200192
200193
200195
200197
200198
200199
200200
200202
200203
200205
200206
200208
200209
200218
200220
200222
200224
200225
200227
200228
200229
200231
200232
200234
200236
200238
200239
200241
200242
200243
200244
200245
200246
200247
200249
200251
200252
200254
200256
200257
200258
200259
200261
200262
200264
200266
200268
200269
200270
200272
200274
200275
200277
200278
200280
200281
200282
200285
200286
200287
200289
200291
200292
200293
200294
200296
200298
200299
200302
200303
200305
200306
200307
200308
200310
200311
200312
200314
200316
200317
200318
200319
200321
200323
200325
200327
200328
200330
200331
200333
200336
200337
200338
200339
200341
200342
200343
200344
200346
200347
200348
200350
200351
200353
200354
200356
200357
200358
200359
200360
200377
200379
200380
200382
200384
200385
200387
200388
200390
200391
200393
200394
200396
200397
200399
200400
200402
200403
200405
200406
200408
200409
200410
200411
200412
200413
200414
200416
200417
200419
200421
200422
200423
200425
200427
200428
200430
200431
200433
200434
200436
200437
200439
200440
200442
200443
200445
200446
200448
200449
200451
200452
200454
200455
200457
200459
200460
200461
200462
200464
200465
200467
200468
200470
200471
200472
200474
200476
200477
200479
200480
200481
200483
200484
200486
200488
200490
200491
200493
200494
200495
200496
200499
200500
200501
200503
200505
200506
200507
200508
200510
200511
200513
200515
200517
200518
200519
200521
200523
200524
200526
200527
200529
200530
200531
200534
200535
200536
200538
200540
200541
200542
200543
200546
200548
200549
200551
200552
200554
200555
200557
200558
200559
200561
200562
200563
200565
200567
200568
200569
200570
200572
200574
200575
200577
200579
200582
200583
200585
200586
200588
200589
200591
200594
200595
200596
200597
200599
200600
200601
200602
200603
200604
200606
200607
200608
200609
200610
200611
200612
200614
200615
200617
200618
200620
200621
200622
200623
200624
200626
200627
200629
200630
200632
200634
200635
200637
200638
200640
200641
200643
200645
200646
200648
200649
200651
200652
200654
200655
200657
200658
200660
200661
200662
200663
200664
200665
200666
200668
200669
200670
200672
200674
200675
200676
200678
200680
200681
200683
200685
200686
200687
200689
200691
200692
200694
200695
200697
200698
200700
200701
200703
200704
200706
200707
200709
200710
200712
200714
200715
200716
200717
200719
200720
200722
200723
200725
200726
200727
200728
200729
200730
200732
200733
200735
200737
200738
200739
200741
200743
200744
200745
200747
200749
200750
200751
200753
200755
200756
200757
200758
200760
200762
200763
200765
200766
200767
200770
200771
200772
200774
200776
200777
200779
200780
200781
200782
200785
200786
200787
200789
200791
200792
200793
200794
200796
200797
200799
200801
200803
200804
200805
200808
200810
200811
200813
200814
200816
200817
200819
200820
200821
200823
200824
200825
200827
200829
200830
200831
200832
200834
200836
200837
200839
200841
200844
200845
200847
200848
200850
200851
200853
200856
200857
200858
200859
200861
200862
200863
200864
200865
200866
200868
200869
200870
200871
200872
200873
200874
200876
200877
200879
200880
200882
200883
200884
200885
200886
200888
200889
200891
200892
200894
200896
200897
200899
200900
200902
200903
200905
200906
200908
200909
200911
200912
200913
200915
200916
200918
200919
200920
200922
200924
200925
200927
200929
200930
200931
200933
200935
200936
200938
200939
200941
200942
200944
200945
200947
200948
200949
200951
200953
200954
200956
200958
200959
200960
200961
200962
200963
200964
200966
200967
200969
200971
200972
200973
200975
200977
200978
200979
200981
200982
200984
200985
200987
200989
200990
200991
200992
200994
200995
200997
200998
201000
201001
201002
201004
201006
201007
201009
201010
201011
201013
201014
201016
201018
201020
201021
201023
201024
201025
201026
201029
201030
201031
201033
201035
201036
201037
201038
201040
201041
201043
201045
201047
201048
201049
201051
201053
201054
201056
201057
201058
201059
201061
201062
201063
201065
201067
201068
201069
201072
201073
201075
201076
201078
201080
201081
201082
201084
201087
201088
201089
201090
201092
201093
201094
201095
201096
201097
201098
201100
201101
201103
201105
201106
201108
201109
201111
201112
201113
201114
201115
201117
201118
201120
201121
201123
201125
201126
201128
201129
201131
201132
201134
201135
201137
201138
201140
201141
201142
201144
201146
201147
201148
201150
201152
201153
201155
201156
201157
201158
201160
201162
201163
201165
201166
201168
201169
201171
201172
201173
201174
201175
201176
201177
201179
201180
201182
201183
201185
201187
201189
201190
201192
201193
201195
201196
201198
201199
201201
201202
201204
201205
201207
201208
201210
201211
201213
201214
201216
201217
201219
201220
201222
201224
201225
201226
201227
201229
201230
201232
201233
201235
201236
201237
201238
201240
201241
201243
201244
201245
201247
201249
201250
201252
201254
201255
201257
201258
201260
201261
201263
201265
201267
201268
201269
201270
201271
201273
201275
201276
201278
201279
201280
201282
201284
201285
201287
201288
201291
201293
201294
201296
201297
201298
201300
201302
201303
201304
201306
201308
201309
201311
201312
201313
201314
201316
201317
201318
201320
201322
201323
201324
201327
201329
201330
201331
201333
201335
201336
201337
201339
201342
201343
201344
201345
201347
201348
201349
201350
201351
201353
201354
201355
201357
201359
201361
201362
201364
201365
201367
201368
201369
201370
201371
201372
201373
201374
201375
201377
201378
201379
201381
201382
201384
201385
201387
201388
201390
201391
201393
201394
201396
201397
201399
201400
201402
201403
201404
201406
201407
201409
201411
201413
201414
201416
201417
201419
201420
201422
201423
201425
201426
201428
201429
201431
201432
201434
201435
201437
201438
201440
201441
201443
201444
201446
201448
201449
201450
201451
201453
201454
201456
201457
201459
201460
201461
201462
201464
201465
201467
201468
201469
201471
201473
201474
201476
201478
201479
201481
201482
201484
201485
201487
201489
201491
201492
201493
201494
201495
201497
201499
201500
201502
201503
201504
201506
201508
201509
201511
201512
201515
201517
201518
201520
201521
201522
201524
201526
201527
201528
201530
201532
201533
201535
201536
201537
201538
201540
201541
201542
201544
201546
201547
201548
201551
201553
201554
201555
201557
201559
201560
201561
201563
201566
201567
201568
201569
201571
201572
201573
201574
201575
201577
201578
201579
201582
201584
201585
201587
201589
201590
201591
201593
201596
201597
201598
201599
201601
201602
201603
201604
201605
201606
201607
201609
201610
201612
201614
201615
201617
201618
201620
201621
201622
201623
201624
201625
201626
201628
201629
201630
201632
201633
201635
201636
201638
201639
201641
201642
201644
201645
201647
201648
201650
201651
201653
201654
201655
201657
201658
201660
201662
201664
201665
201667
201668
201670
201671
201673
201674
201676
201677
201679
201680
201682
201683
201685
201686
201688
201689
201691
201692
201694
201695
201697
201699
201700
201701
201702
201704
201705
201707
201708
201710
201711
201712
201713
201715
201716
201718
201719
201720
201722
201724
201725
201727
201729
201730
201732
201733
201735
201736
201738
201740
201742
201743
201744
201745
201746
201748
201750
201751
201753
201754
201755
201757
201759
201760
201762
201763
201766
201768
201769
201771
201772
201773
201775
201777
201778
201779
201781
201783
201784
201786
201787
201788
201789
201792
201793
201794
201796
201798
201799
201800
201803
201804
201805
201806
201808
201810
201811
201812
201813
201815
201816
201817
201819
201821
201822
201823
201824
201827
201829
201830
201832
201834
201835
201836
201838
201841
201842
201843
201844
201846
201847
201848
201849
201850
201851
201852
201854
201855
201857
201859
201860
201862
201863
201865
201866
201867
201868
201869
201870
201871
201873
201874
201875
201877
201878
201880
201881
201883
201885
201886
201888
201889
201891
201892
201894
201895
201897
201898
201900
201901
201902
201903
201905
201907
201908
201909
201911
201913
201914
201916
201918
201919
201920
201922
201924
201925
201927
201928
201930
201931
201933
201934
201936
201937
201939
201940
201942
201943
201945
201947
201948
201949
201950
201952
201953
201955
201956
201958
201959
201960
201961
201962
201963
201965
201966
201968
201970
201971
201972
201974
201976
201977
201978
201980
201981
201983
201985
201987
201988
201989
201990
201991
201993
201995
201996
201998
201999
202000
202002
202004
202005
202007
202008
202011
202013
202014
202016
202017
202018
202020
202022
202023
202024
202027
202029
202030
202032
202033
202035
202036
202038
202039
202040
202043
202044
202045
202047
202049
202050
202051
202052
202053
202054
202056
202058
202059
202060
202062
202064
202065
202068
202069
202071
202072
202074
202075
202076
202078
202079
202080
202082
202084
202085
202086
202089
202091
202092
202093
202095
202096
202097
202099
202102
202103
202104
202105
202107
202108
202109
202110
202111
202112
202113
202115
202116
202118
202120
202121
202123
202124
202126
202127
202128
202129
202130
202132
202133
202135
202136
202138
202140
202141
202143
202144
202146
202147
202149
202150
202152
202153
202155
202156
202157
202159
202160
202162
202163
202164
202166
202168
202169
202171
202173
202174
202175
202177
202179
202180
202182
202183
202185
202186
202188
202189
202191
202192
202194
202195
202197
202198
202200
202202
202203
202204
202205
202207
202208
202210
202211
202213
202214
202215
202216
202217
202218
202220
202221
202223
202225
202226
202227
202229
202231
202232
202233
202235
202236
202238
202240
202242
202243
202245
202246
202247
202248
202250
202252
202253
202255
202256
202257
202258
202260
202261
202263
202265
202267
202268
202269
202272
202274
202275
202277
202278
202280
202281
202283
202284
202285
202288
202289
202290
202292
202294
202295
202296
202297
202298
202299
202301
202303
202304
202305
202307
202309
202310
202313
202314
202316
202317
202319
202320
202321
202323
202324
202325
202327
202329
202330
202331
202334
202336
202337
202338
202340
202341
202342
202344
202347
202348
202349
202350
202352
202353
202354
202355
202356
202357
202358
202360
202361
202363
202365
202366
202368
202369
202371
202372
202373
202374
202375
202377
202378
202380
202381
202383
202385
202386
202388
202389
202391
202392
202394
202395
202397
202398
202400
202401
202402
202404
202405
202407
202408
202409
202411
202413
202414
202416
202418
202419
202420
202422
202424
202425
202427
202428
202430
202431
202433
202434
202436
202437
202439
202440
202442
202443
202445
202447
202448
202449
202450
202452
202453
202455
202456
202458
202459
202460
202461
202462
202463
202465
202466
202468
202470
202471
202472
202474
202476
202477
202478
202480
202481
202483
202485
202487
202488
202490
202491
202492
202493
202495
202497
202498
202500
202501
202502
202503
202505
202506
202508
202510
202512
202513
202514
202517
202519
202520
202522
202523
202525
202526
202528
202529
202530
202533
202534
202535
202537
202539
202540
202541
202542
202543
202544
202546
202548
202549
202550
202553
202555
202556
202558
202559
202562
202563
202565
202566
202567
202568
202570
202571
202572
202574
202576
202577
202578
202580
202581
202583
202584
202586
202588
202590
202591
202593
202596
202597
202598
202599
202601
202602
202603
202604
202605
202606
202607
202608
202609
202610
202611
202612
202613
202615
202616
202618
202619
202620
202622
202623
202625
202626
202628
202630
202631
202633
202634
202636
202637
202639
202640
202642
202643
202645
202646
202647
202649
202650
202652
202653
202654
202656
202658
202659
202661
202663
202664
202665
202667
202669
202670
202672
202673
202675
202676
202678
202679
202681
202682
202684
202685
202687
202688
202690
202692
202693
202694
202695
202697
202698
202700
202701
202703
202704
202705
202706
202707
202708
202710
202711
202713
202715
202716
202717
202719
202721
202722
202723
202725
202727
202728
202729
202731
202733
202734
202735
202736
202738
202740
202741
202743
202744
202745
202747
202748
202750
202751
202753
202755
202757
202758
202759
202761
202763
202764
202766
202767
202769
202770
202771
202774
202775
202776
202778
202780
202781
202782
202783
202786
202788
202789
202792
202793
202795
202796
202797
202798
202800
202801
202802
202804
202806
202807
202808
202809
202810
202812
202813
202814
202816
202818
202820
202822
202823
202825
202826
202828
202831
202832
202833
202834
202836
202837
202838
202840
202841
202842
202843
202845
202846
202848
202849
202851
202852
202853
202854
202855
202857
202858
202860
202861
202863
202865
202866
202868
202869
202871
202872
202874
202876
202877
202879
202880
202882
202883
202885
202886
202888
202889
202891
202892
202893
202895
202897
202898
202899
202901
202903
202904
202906
202907
202908
202909
202911
202913
202914
202916
202917
202918
202919
202921
202923
202924
202925
202926
202927
202928
202929
202931
202932
202934
202936
202937
202938
202940
202942
202943
202945
202946
202948
202949
202951
202952
202954
202955
202957
202958
202960
202961
202963
202965
202966
202968
202969
202971
202972
202973
202975
202977
202978
202980
202981
202983
202985
202987
202988
202990
202991
202992
202993
202995
202997
202998
203000
203001
203002
203003
203005
203006
203008
203010
203012
203013
203014
203016
203018
203019
203021
203022
203024
203025
203026
203029
203030
203031
203033
203035
203036
203037
203038
203041
203043
203044
203046
203047
203050
203051
203053
203054
203055
203056
203058
203059
203060
203062
203064
203065
203066
203067
203069
203071
203072
203075
203077
203078
203080
203082
203083
203084
203086
203089
203090
203091
203092
203094
203095
203096
203097
203098
203099
203100
203101
203102
203103
203104
203105
203106
203108
203109
203111
203113
203114
203116
203117
203119
203120
203121
203122
203123
203125
203126
203128
203129
203131
203133
203134
203135
203137
203139
203140
203142
203144
203145
203147
203148
203149
203150
203152
203154
203155
203157
203158
203159
203160
203162
203164
203165
203167
203169
203170
203171
203172
203174
203175
203177
203178
203180
203181
203182
203183
203184
203185
203187
203188
203190
203192
203193
203194
203196
203198
203199
203200
203202
203204
203205
203206
203208
203210
203211
203212
203213
203215
203217
203218
203220
203221
203222
203224
203225
203227
203228
203230
203232
203234
203235
203236
203238
203240
203241
203243
203244
203246
203247
203248
203251
203252
203253
203255
203257
203258
203259
203260
203262
203264
203265
203267
203268
203270
203271
203272
203274
203275
203276
203278
203280
203281
203282
203283
203286
203288
203289
203292
203293
203295
203296
203297
203299
203302
203303
203304
203305
203307
203308
203309
203310
203311
203312
203313
203315
203316
203318
203320
203321
203323
203324
203326
203327
203328
203329
203330
203332
203333
203335
203336
203338
203340
203341
203343
203344
203346
203347
203349
203351
203352
203354
203355
203357
203358
203360
203361
203363
203364
203366
203367
203368
203370
203372
203373
203374
203376
203378
203379
203381
203382
203383
203384
203386
203388
203389
203391
203392
203393
203394
203396
203398
203399
203400
203401
203402
203403
203404
203406
203407
203409
203411
203412
203413
203415
203417
203418
203420
203421
203423
203424
203426
203427
203429
203430
203432
203433
203435
203436
203438
203439
203441
203442
203444
203445
203447
203448
203449
203451
203453
203454
203455
203457
203459
203460
203461
203462
203464
203466
203467
203469
203470
203471
203474
203475
203476
203478
203480
203481
203483
203484
203485
203486
203489
203490
203491
203493
203495
203496
203497
203498
203500
203501
203503
203505
203507
203508
203509
203511
203513
203514
203516
203517
203519
203520
203521
203523
203524
203525
203527
203529
203530
203531
203532
203535
203537
203538
203541
203542
203544
203545
203546
203549
203550
203552
203553
203554
203556
203557
203558
203559
203560
203562
203563
203564
203567
203569
203570
203572
203574
203575
203576
203579
203581
203583
203584
203585
203586
203587
203588
203589
203590
203591
203592
203594
203595
203597
203599
203600
203602
203603
203605
203606
203607
203608
203609
203611
203612
203614
203615
203617
203619
203620
203622
203623
203625
203626
203628
203629
203631
203632
203634
203635
203637
203638
203640
203641
203643
203644
203645
203646
203647
203648
203649
203651
203652
203654
203656
203657
203658
203660
203662
203663
203665
203666
203668
203669
203671
203672
203674
203675
203677
203678
203680
203681
203683
203684
203686
203687
203689
203690
203692
203694
203695
203696
203697
203699
203700
203702
203703
203705
203706
203707
203709
203711
203712
203714
203715
203716
203718
203719
203721
203723
203725
203726
203728
203729
203730
203731
203733
203734
203736
203738
203739
203741
203742
203743
203745
203746
203748
203750
203752
203753
203754
203756
203758
203759
203761
203762
203764
203765
203768
203769
203770
203771
203772
203773
203775
203777
203778
203781
203782
203784
203785
203786
203788
203789
203790
203792
203794
203795
203796
203797
203800
203802
203803
203805
203807
203808
203809
203811
203814
203815
203816
203817
203819
203820
203821
203822
203823
203824
203825
203827
203828
203830
203832
203833
203835
203836
203838
203839
203840
203841
203842
203844
203845
203847
203848
203850
203852
203853
203855
203856
203858
203859
203861
203862
203864
203865
203867
203868
203870
203871
203873
203874
203876
203877
203878
203879
203880
203881
203882
203884
203885
203887
203889
203890
203891
203893
203895
203896
203898
203899
203901
203902
203904
203905
203907
203908
203910
203911
203913
203914
203916
203917
203919
203920
203922
203923
203925
203927
203928
203929
203930
203932
203933
203935
203936
203938
203939
203941
203943
203944
203945
203947
203949
203950
203951
203953
203955
203956
203957
203959
203961
203962
203963
203965
203966
203968
203969
203971
203972
203973
203975
203976
203978
203979
203981
203983
203985
203986
203987
203989
203991
203992
203994
203995
203997
203998
203999
204002
204003
204004
204006
204008
204009
204010
204011
204013
204015
204016
204018
204019
204021
204022
204023
204025
204026
204027
204029
204031
204032
204033
204034
204037
204039
204040
204043
204044
204046
204047
204048
204051
204052
204054
204055
204056
204058
204059
204061
204062
204063
204064
204066
204067
204068
204070
204072
204074
204076
204077
204079
204080
204082
204084
204085
204086
204087
204089
204090
204091
204092
204094
204095
204097
204101
204102
204104
204105
204107
204109
204110
204112
204113
204115
204116
204118
204119
204121
204122
204124
204125
204127
204128
204130
204131
204133
204134
204135
204137
204138
204140
204141
204142
204144
204146
204147
204149
204151
204152
204153
204155
204157
204158
204160
204161
204163
204164
204166
204167
204169
204170
204172
204173
204175
204176
204178
204179
204180
204182
204184
204185
204187
204189
204190
204191
204192
204193
204194
204195
204197
204198
204200
204202
204203
204204
204206
204208
204209
204210
204212
204213
204215
204216
204217
204219
204221
204222
204224
204226
204227
204228
204230
204232
204233
204234
204235
204237
204239
204240
204242
204243
204244
204247
204248
204249
204251
204253
204254
204256
204257
204258
204259
204261
204262
204264
204266
204267
204269
204270
204271
204273
204274
204276
204278
204280
204281
204282
204284
204286
204287
204289
204290
204292
204293
204296
204297
204299
204300
204301
204302
204303
204305
204307
204308
204310
204311
204312
204315
204327
204360
204361
204363
204364
204366
204368
204369
204371
204372
204374
204375
204377
204378
204380
204381
204383
204384
204385
204387
204388
204390
204391
204392
204394
204396
204397
204399
204401
204402
204403
204405
204407
204408
204410
204411
204413
204414
204416
204417
204419
204420
204422
204423
204425
204426
204428
204429
204430
204432
204434
204435
204436
204438
204440
204441
204442
204443
204444
204445
204446
204448
204449
204451
204453
204454
204455
204457
204459
204460
204461
204463
204464
204466
204467
204469
204471
204472
204473
204474
204476
204477
204479
204480
204482
204483
204485
204487
204488
204489
204491
204493
204494
204495
204497
204498
204500
204502
204504
204505
204507
204508
204509
204512
204522
204632
204633
204635
204636
204638
204639
204641
204642
204644
204645
204647
204648
204650
204651
204653
204654
204655
204656
204658
204660
204661
204663
204665
204666
204668
204669
204671
204672
204674
204675
204677
204678
204680
204681
204683
204684
204686
204687
204688
204690
204692
204693
204695
204697
204698
204700
204701
204703
204704
204706
204707
204708
204709
204723
204734
204954
204963
204971
204972
204976
