1269
1270
1271
1272
1273
1274
1275
1276
1277
1278
1279
1280
1284
1290
1323
1324
1325
1326
1327
1328
1329
1330
1331
1332
1333
1334
1335
1336
1337
1350
1387
1390
1391
1392
1393
1394
1395
1396
1397
1398
1399
1456
1457
1458
1459
1460
1461
1462
1463
1464
1465
1466
1467
1468
1469
1478
1479
1533
1534
1535
1536
1537
1538
1539
1540
1541
1602
1603
1604
1605
1606
1607
1608
1609
1610
1611
1612
1613
1675
1676
1677
1678
1679
1680
1681
1682
1683
1684
1685
1686
1757
1758
1759
1760
1761
1762
1763
1764
1765
1766
1767
1768
1769
1839
1840
1841
1842
1843
1844
1845
1850
1852
1853
1854
1855
1856
1857
1858
1859
1860
1923
1924
1925
1926
1927
1928
1929
1930
1937
1938
1939
1940
1941
1942
1943
1944
2011
2012
2013
2014
2015
2016
2017
2018
2019
2020
2021
2026
2027
2028
2029
2030
2031
2108
2109
2110
2111
2112
2113
2114
2115
2116
2117
2118
2119
2124
2125
2126
2127
2199
2200
2201
2202
2203
2204
2205
2206
2207
2208
2209
2210
2211
2212
2221
2287
2288
2289
2290
2291
2292
2293
2294
2295
2296
2297
2298
2299
2300
2372
2373
2374
2375
2376
2377
2378
2379
2380
2381
2382
2383
2384
2385
2453
2454
2455
2456
2457
2458
2459
2460
2461
2462
2463
2464
2465
2466
2537
2538
2539
2540
2541
2542
2543
2544
2545
2546
2547
2548
2549
2550
2621
2623
2624
2625
2626
2627
2628
2629
2630
2631
2632
2633
2634
2695
2696
2697
2698
2699
2700
2701
2702
2703
2704
2705
2706
2707
2713
2768
2769
2770
2771
2772
2773
2774
2775
2776
2777
2778
2779
2780
2781
2782
2783
2785
2791
2835
2836
2837
2838
2839
2840
2841
2842
2843
2844
2845
2846
2847
2849
2902
2903
2904
2905
2906
2907
2908
2909
2910
2911
2912
2913
2914
2967
2968
2969
2970
2971
2972
2973
2974
2975
2976
2977
2978
2979
3027
3028
3029
3030
3031
3032
3033
3034
3035
3036
3039
3083
3084
3085
3086
3087
3088
3089
3090
3091
3092
3093
3094
3096
3097
3106
3107
3108
3154
3155
3156
3157
3158
3159
3164
3165
3166
3167
3168
3169
3170
3171
3172
3173
3176
3207
3209
3210
3211
3212
3213
3214
3215
3216
3217
3295
3301
3303
3304
3305
3306
3307
3308
3309
3351
3352
3354
3357
3359
3361
3362
3363
3364
3365
3366
3367
3368
3369
3370
3371
3372
3373
3374
3375
3448
3456
3457
3458
3459
3460
3461
3462
3463
3464
3465
3466
3467
3468
3469
3470
3471
3542
3543
3544
3545
3546
3547
3548
3549
3550
3551
3552
3553
3617
3618
3619
3620
3621
3622
3623
3624
3625
3626
3693
3694
3695
3696
3697
3698
3699
3700
3701
3702
3703
3764
3765
3766
3767
3768
3769
3770
3771
3772
3773
3774
3775
3850
3851
3852
3853
3854
3855
3856
3857
3858
3859
3860
3861
3936
3937
3938
3939
3940
3941
3942
3943
3944
3945
3946
3947
4018
4019
4020
4021
4022
4023
4024
4025
4026
4027
4028
4029
4030
4031
4095
4097
4098
4099
4100
4105
4106
4107
4108
4109
4110
4111
4112
4113
4114
4115
4116
4117
4184
4185
4187
4192
4193
4194
4195
4196
4197
4198
4199
4200
4201
4202
4203
4270
4271
4272
4273
4274
4275
4276
4277
4278
4279
4280
4281
4282
4283
4284
4285
4286
4289
4290
4291
4358
4359
4360
4361
4362
4363
4364
4365
4366
4367
4368
4369
4370
4371
4442
4443
4444
4445
4446
4447
4448
4449
4450
4451
4452
4453
4454
4455
4526
4527
4528
4529
4530
4531
4532
4533
4534
4535
4536
4537
4538
4539
4609
4611
4612
4613
4614
4615
4616
4617
4618
4619
4620
4692
4693
4694
4695
4696
4697
4698
4699
4700
4701
4770
4774
4775
4776
4777
4778
4779
4780
4781
4782
4783
4849
4850
4851
4852
4856
4858
4859
4860
4861
4862
4863
4864
4865
4930
4931
4932
4933
4934
4935
4936
4937
4938
4939
4941
4942
4943
4944
4945
4946
4947
5014
5015
5016
5017
5018
5019
5020
5021
5022
5023
5024
5027
5094
5095
5096
5097
5098
5099
5100
5101
5102
5103
5105
5174
5175
5176
5177
5178
5179
5183
5185
5186
5187
5188
5189
5190
5191
5192
5193
5219
5220
5221
5222
5223
5224
5225
5226
5227
5228
5229
5230
5231
5232
5233
5248
5252
5253
5254
5255
5256
5257
5258
5259
5260
5261
5262
5263
5264
5265
5266
5268
5269
5271
5272
5273
