1309
1310
1311
1312
1313
1314
1315
1316
1317
1318
1319
1320
1366
1367
1368
1369
1370
1371
1372
1373
1374
1375
1376
1433
1434
1435
1436
1437
1438
1439
1440
1441
1442
1508
1509
1510
1511
1512
1513
1514
1515
1516
1517
1518
1519
1520
1521
1522
1523
1530
1531
1532
1602
1603
1604
1605
1606
1607
1608
1609
1610
1611
1612
1613
1689
1690
1691
1692
1693
1694
1695
1696
1697
1698
1699
1779
1780
1781
1782
1783
1784
1785
1786
1865
1866
1867
1868
1869
1870
1871
1882
1883
1884
1885
1886
1965
1966
1967
1968
1969
1970
1971
1972
1983
1984
1985
1986
2059
2060
2061
2062
2063
2064
2065
2077
2079
2158
2160
2161
2162
2163
2164
2165
2166
2167
2261
2262
2263
2264
2265
2266
2267
2268
2269
2270
2271
2272
2273
2275
2365
2366
2367
2368
2369
2370
2371
2372
2373
2374
2375
2376
2377
2379
2461
2462
2463
2464
2465
2466
2467
2468
2469
2470
2471
2472
2473
2475
2476
2559
2560
2561
2562
2563
2564
2565
2566
2567
2568
2569
2570
2571
2572
2573
2655
2656
2657
2658
2659
2660
2661
2662
2663
2664
2665
2666
2667
2668
2753
2754
2755
2756
2757
2758
2759
2760
2761
2762
2763
2849
2850
2851
2852
2853
2854
2855
2856
2857
2858
2941
2942
2943
2944
2945
2946
2947
2948
2949
2950
2953
3031
3032
3033
3034
3035
3036
3037
3038
3039
3040
3041
3042
3111
3112
3113
3114
3115
3116
3117
3118
3119
3120
3121
3122
3197
3198
3199
3200
3201
3202
3203
3204
3205
3206
3207
3208
3210
3273
3274
3275
3276
3277
3278
3279
3280
3281
3282
3283
3284
3285
3286
3346
3348
3349
3350
3351
3352
3353
3354
3355
3356
3418
3420
3421
3422
3484
3485
3486
3487
3494
3495
3496
3497
3498
3499
3500
3502
3541
3544
3547
3630
3632
3634
3637
3638
3639
3640
3641
3642
3643
3644
3645
3691
3693
3695
3696
3697
3698
3699
3700
3701
3702
3779
3780
3781
3782
3783
3784
3785
3786
3849
3850
3851
3852
3853
3854
3855
3856
3857
3911
3912
3913
3914
3915
3916
3917
3918
3975
3977
3978
3979
3980
3981
3982
3983
3984
4042
4043
4044
4045
4046
4047
4048
4049
4121
4122
4123
4124
4125
4126
4127
4128
4198
4199
4200
4201
4202
4203
4204
4205
4272
4273
4274
4275
4276
4277
4278
4279
4348
4349
4350
4351
4352
4353
4354
4355
4423
4428
4429
4430
4431
4432
4433
4434
4435
4436
4503
4505
4506
4507
4508
4509
4510
4511
4512
4513
4517
4518
4580
4581
4582
4583
4584
4585
4586
4587
4588
4589
4654
4655
4656
4657
4658
4659
4660
4661
4662
4663
4728
4729
4730
4731
4732
4733
4734
4735
4736
4737
4800
4801
4802
4803
4804
4805
4806
4807
4808
4863
4870
4871
4872
4873
4874
4875
4876
4877
4878
4879
4938
4941
4942
4943
4944
4945
4946
4947
4948
4949
4950
4951
5005
5007
5008
5010
5014
5015
5016
5017
5018
5019
5020
5021
5022
5023
5080
5082
5083
5084
5085
5086
5087
5088
5091
5092
5093
5094
5095
5096
5156
5157
5158
5159
5160
5161
5162
5163
5164
5167
5221
5222
5223
5224
5225
5226
5227
5228
5229
5230
5232
5300
5302
5303
5304
5305
5311
5312
5313
5314
5315
5316
5317
5318
5319
5360
5361
5362
5363
5364
5365
5366
5367
5368
5369
5370
5372
5373
5394
5396
5397
5398
5399
5400
5401
5403
5404
5405
