52
54
55
56
57
58
59
60
61
62
63
64
65
66
67
68
69
70
77
78
119
120
121
122
123
124
125
126
127
128
129
130
135
136
137
138
139
140
141
194
195
196
197
198
199
200
201
202
203
204
219
276
277
278
279
280
281
282
283
284
285
286
287
288
293
294
371
372
373
374
375
376
377
378
455
456
457
458
459
460
461
462
463
465
474
475
552
553
554
555
556
557
558
559
645
646
647
648
649
650
651
738
739
740
741
742
743
744
745
827
828
829
830
831
832
833
840
841
842
843
844
946
947
948
949
950
951
952
953
954
955
956
957
958
959
966
1062
1065
1066
1067
1068
1069
1070
1071
1072
1073
1169
1170
1171
1172
1173
1174
1175
1176
1177
1178
1179
1180
1186
1187
1188
1189
1296
1297
1298
1299
1300
1301
1302
1303
1304
1305
1306
1308
1418
1420
1421
1422
1423
1424
1425
1426
1427
1428
1429
1431
1532
1534
1535
1536
1537
1538
1539
1540
1541
1542
1543
1545
1644
1646
1647
1648
1649
1650
1651
1652
1653
1654
1655
1657
1752
1754
1755
1756
1757
1758
1759
1760
1761
1762
1763
1765
1864
1866
1867
1868
1869
1870
1871
1872
1873
1874
1875
1877
1975
1976
1977
1978
1979
1980
1981
1982
1983
1984
2083
2084
2085
2086
2087
2088
2089
2090
2091
2092
2189
2190
2191
2192
2193
2194
2195
2196
2197
2198
2295
2296
2297
2298
2299
2300
2301
2302
2303
2304
2388
2390
2391
2392
2393
2394
2395
2396
2397
2398
2399
2400
2486
2488
2489
2490
2491
2492
2493
2494
2495
2496
2497
2499
2584
2586
2587
2588
2589
2590
2591
2592
2593
2594
2595
2600
2686
2688
2689
2690
2699
2700
2701
2702
2703
2785
2786
2787
2788
2789
2790
2792
2795
2864
2865
2867
2868
2869
2870
2871
2872
2873
2874
2875
2926
2927
2928
2929
2930
3199
3201
3203
3205
3206
3208
3211
3212
3213
3214
3291
3292
3293
3294
3295
3296
3303
3304
3305
3306
3307
3308
3309
3310
3311
3312
3391
3393
3394
3395
3396
3397
3398
3399
3400
3401
3402
3487
3488
3489
3490
3491
3492
3493
3494
3495
3496
3497
3498
3601
3602
3603
3604
3605
3606
3607
3608
3609
3610
3611
3612
3699
3700
3701
3702
3703
3704
3705
3706
3707
3708
3709
3710
3803
3804
3805
3806
3807
3808
3809
3810
3811
3812
3813
3814
3917
3918
3919
3920
3921
3922
3923
3924
3925
4031
4033
4034
4035
4036
4037
4038
4149
4150
4151
4152
4153
4154
4155
4267
4268
4269
4270
4271
4272
4273
4274
4381
4382
4383
4384
4385
4386
4387
4388
4389
4390
4392
4489
4490
4491
4492
4493
4494
4495
4496
4497
4498
4499
4500
4596
4598
4599
4600
4601
4605
4606
4607
4608
4609
4610
4611
4612
4613
4614
4721
4722
4723
4724
4725
4726
4727
4728
4729
4733
4734
4735
4736
4737
4738
4835
4836
4837
4838
4839
4840
4841
4842
4843
4844
4845
4846
4850
4938
4939
4940
4941
4942
4943
4944
4945
4946
4947
5030
5038
5039
5040
5041
5042
5043
5044
5045
5046
5047
5048
5049
5050
5133
5134
5135
5136
5137
5138
5139
5140
5141
5142
5143
5144
5145
5146
5147
5148
5149
5150
5153
5154
5155
5156
5234
5236
5242
5243
5244
5245
5246
5247
5248
5249
5250
5251
5252
5253
5254
5332
5334
5335
5336
5337
5338
5339
5343
5344
5345
5346
5347
5348
5349
5350
5351
5352
5426
5433
5434
5435
5436
5437
5438
5439
5440
5441
5442
5443
5444
5445
5446
5447
5448
5451
5452
5521
5522
5523
5524
5525
5526
5527
5528
5529
5530
5531
5532
5533
5534
5535
5536
5537
5538
5541
5542
5543
5544
5629
5634
5635
5636
5637
5638
5639
5640
5641
5642
5643
5644
5645
5646
5647
5648
5703
5704
5705
5706
5707
5708
5709
5710
5711
5712
5713
5714
5715
5716
5717
5718
5719
5720
5721
5722
5723
5724
5725
5726
5775
5777
5779
5780
5782
5784
5785
5787
5789
5790
5791
5792
