1270
1273
1274
1280
1282
1285
1434
1435
1442
1443
1449
1450
1457
1458
1465
1466
1467
1468
1469
1470
1471
1479
1480
1481
1482
1483
1484
1485
1486
1487
1488
1489
1490
1491
1493
1497
1498
1499
1500
1501
1502
1503
1504
1505
1506
1507
1508
1509
1510
1511
1512
1513
1518
1519
1520
1521
1522
1523
1524
1525
1526
1527
1528
1529
1530
1531
1534
1535
1536
1537
1538
1539
1540
1541
1542
1543
1545
1546
1547
1548
1549
1550
1551
1552
1553
1554
1555
1556
1646
1647
1648
1649
1650
1651
1652
1653
1654
1655
1662
1663
1664
1665
1666
1667
1668
1669
1670
1671
1672
1673
1674
1675
1676
1683
1684
1685
1686
1687
1688
1689
1690
1691
1692
1693
1694
1695
1696
1697
1698
1699
1700
1701
1702
1705
1706
1707
1708
1709
1710
1711
1712
1713
1714
1715
1716
1717
1718
1720
1721
1722
1723
1724
1725
1726
1727
1728
1729
1730
1731
1732
1733
1734
1737
1738
1739
1740
1741
1742
1743
1744
1745
1746
1747
1748
1749
1750
1752
1753
1754
1755
1756
1757
1758
1759
1760
1761
1762
1763
1764
1765
1766
1769
1770
1771
1772
1773
1774
1775
1776
1777
1778
1779
1782
1783
1784
1785
1786
1787
1788
1820
1822
1823
1824
1825
1826
1827
1828
1829
1830
1831
1832
1837
1838
1839
1840
1841
1842
1843
1844
1845
1846
1847
1848
1849
1850
1851
1852
1853
1856
1857
1858
1859
1860
1861
1862
1863
1864
1865
1866
1867
1869
1870
1871
1872
1873
1874
1875
1876
1877
1878
1879
1880
1881
1883
1884
1890
1891
1892
1893
1894
1896
3067
3068
3069
3070
3071
3072
3073
3074
3075
3076
3077
3078
3079
3080
3081
3082
3087
3088
3090
3091
3092
3093
3094
3095
3096
3097
3098
3099
3100
3101
3102
3104
3105
3107
3108
3109
3110
3111
3112
3113
3114
3115
3117
3119
3120
3121
3122
3123
3124
3125
3126
3127
3128
3130
3131
3132
3133
3134
3135
3136
3137
3138
3139
3140
3141
3142
3143
3144
3145
3146
3147
3148
3149
3154
3155
3156
3157
3158
3159
3160
3161
3162
3163
3164
3165
3166
3167
3168
3169
3170
3171
3172
3179
3180
3181
3182
3183
3184
3185
3186
3187
3188
3189
3190
3191
3192
3193
3194
3195
3196
3203
3204
3205
3206
3207
3208
3209
3210
3211
3212
3213
3214
3215
3216
3217
3218
3219
3220
3227
3228
3229
3230
3231
3232
3233
3234
3235
3236
3237
3238
3239
3240
3241
3242
3243
3251
3252
3253
3254
3255
3256
3257
3258
3259
3260
3272
3273
3274
3275
3291
3292
3293
3294
3295
3308
3309
3310
3311
3312
3340
3341
3342
3343
3344
3345
3346
3347
3348
3349
3350
3351
3352
3353
3354
3355
3356
3357
3358
3359
3360
3361
3362
3363
3364
3365
3366
3367
3368
3369
3370
3371
3372
3373
3374
3375
3377
3378
3379
3380
3381
3382
3383
3384
3385
3386
3387
3388
3389
3390
3391
3392
3393
3394
3395
3396
3397
3398
3400
3401
3403
3404
3405
3406
3407
3408
3409
3410
3411
3412
3413
3414
3415
3416
3417
3418
3419
3420
3421
3422
3423
3424
3425
3432
3433
3434
3435
3436
3437
3438
3439
3440
3441
3442
3443
3444
3445
3446
3447
3448
3449
3450
3457
3458
3459
3460
3461
3462
3463
3472
3566
3568
3569
3570
3571
3572
3573
3574
3575
3576
3577
3578
3579
3580
3581
3582
3583
3584
3585
3586
3587
3588
3589
3590
3591
3592
3593
3596
3598
3599
3600
3601
3602
3603
3604
3605
3606
3607
3608
3609
3610
3611
3612
3613
3614
3615
3616
3617
3618
3620
3621
3623
3624
3625
3626
3627
3628
3629
3630
3631
3632
3633
3634
3635
3636
3637
3638
3639
3640
3641
3642
3643
3644
3645
3649
3650
3652
3653
3654
3655
3656
3657
3658
3659
3660
3661
3662
3663
3664
3665
3666
3667
3668
3669
3670
3674
3675
3677
3678
3679
3680
3681
3682
3683
3684
3685
3686
3687
3688
3689
3690
3691
3692
3693
3694
3700
3701
3702
3703
3704
3705
3706
3707
3708
3709
3710
3711
3718
3719
3720
3721
3722
3723
3724
3725
3726
3734
3735
3749
3882
3884
3887
3889
3896
3897
3898
3899
3900
3901
3902
3903
3904
3905
3907
3920
3921
3922
3923
3925
