20
22
23
24
25
26
27
28
30
31
32
33
34
35
36
37
38
39
40
41
42
43
44
45
46
47
48
155
156
157
158
169
170
171
173
174
175
176
177
178
179
180
187
188
189
190
191
192
193
194
195
196
197
198
358
359
360
361
362
363
364
365
366
384
385
386
387
388
389
390
391
392
393
394
395
396
398
399
400
401
402
403
404
614
615
616
641
642
643
644
645
646
647
648
649
650
651
652
661
662
663
664
665
666
667
668
669
670
671
672
673
882
883
884
885
886
887
888
889
890
891
892
893
903
904
905
906
907
908
909
910
911
912
913
914
915
916
1131
1132
1133
1134
1135
1136
1137
1138
1139
1140
1141
1142
1143
1144
1145
1146
1161
1163
1164
1165
1166
1167
1168
1169
1170
1171
1172
1173
1174
1175
1176
1177
1178
1179
1180
1181
1184
1185
1186
1374
1375
1376
1377
1378
1379
1380
1381
1382
1383
1384
1385
1386
1388
1400
1401
1402
1403
1404
1405
1406
1407
1408
1409
1410
1411
1412
1413
1414
1415
1416
1417
1418
1631
1632
1633
1634
1635
1636
1637
1638
1639
1640
1641
1642
1643
1644
1645
1646
1647
1648
1662
1663
1664
1665
1666
1667
1668
1669
1670
1671
1672
1673
1674
1675
1676
1677
1678
1679
1680
1681
1682
1683
1684
1685
1686
1877
1878
1879
1880
1881
1882
1883
1884
1885
1886
1887
1888
1889
1890
1891
1906
1907
1908
1909
1910
1911
1912
1913
1914
1915
1916
1917
1918
1919
1920
1921
1922
1923
1924
1925
1926
1927
1930
1931
1932
2119
2120
2121
2122
2123
2124
2125
2126
2127
2128
2129
2130
2131
2132
2133
2136
2147
2148
2149
2150
2151
2152
2153
2154
2155
2156
2157
2158
2159
2160
2161
2162
2163
2164
2165
2166
2167
2168
2169
2170
2171
2172
2173
2174
2175
2176
2367
2368
2369
2370
2371
2372
2373
2386
2387
2388
2389
2390
2391
2392
2393
2394
2395
2396
2397
2398
2399
2400
2401
2402
2403
2404
2405
2406
2408
2409
2410
2411
2412
2413
2414
2415
2416
2612
2613
2614
2615
2634
2635
2636
2637
2638
2639
2640
2641
2642
2643
2644
2645
2646
2647
2648
2649
2650
2651
2652
2656
2657
2658
2659
2660
2661
2662
2663
2664
2851
2852
2853
2854
2855
2856
2874
2875
2876
2877
2878
2879
2880
2881
2882
2883
2884
2885
2886
2887
2888
2889
2890
2891
2892
2895
2896
2897
2898
2899
2900
2901
2902
2903
2904
2905
2906
3093
3094
3095
3096
3113
3114
3115
3116
3117
3118
3119
3120
3121
3122
3123
3124
3125
3126
3127
3128
3129
3130
3131
3132
3135
3136
3137
3138
3139
3140
3141
3142
3143
3144
3145
3146
3329
3330
3331
3349
3350
3351
3352
3354
3355
3356
3357
3358
3359
3360
3361
3362
3363
3364
3365
3366
3367
3371
3372
3373
3374
3375
3376
3377
3378
3379
3380
3381
3382
3575
3576
3577
3597
3598
3600
3601
3602
3603
3604
3605
3606
3607
3608
3609
3610
3611
3612
3613
3617
3618
3619
3620
3621
3622
3623
3624
3625
3626
3627
3628
3820
3821
3838
3839
3840
3841
3842
3843
3844
3845
3846
3847
3848
3849
3850
3851
3852
3854
3855
3859
3860
3861
3862
3863
3864
3865
3866
3867
3868
3869
3870
4066
4067
4068
4083
4084
4085
4086
4087
4088
4089
4090
4091
4092
4093
4094
4095
4096
4097
4098
4099
4100
4101
4102
4106
4107
4108
4109
4110
4111
4112
4113
4114
4308
4309
4310
4311
4312
4313
4321
4322
4323
4324
4325
4326
4327
4328
4329
4330
4331
4332
4333
4334
4335
4336
4337
4340
4341
4342
4542
4543
4544
4545
4546
4547
4548
4549
4550
4551
4552
4553
4561
4562
4563
4564
4565
4566
4567
4568
4569
4570
4571
4572
4573
4574
4575
4576
4761
4773
4774
4775
4776
4777
4778
4779
4780
4781
4782
4783
4784
4785
4786
4787
4788
4789
4790
4791
4792
4793
4797
4798
4799
4800
4801
4802
4803
4804
4805
4806
4807
4808
4994
4996
4997
4998
4999
5000
5001
5002
5005
5007
5009
5010
5011
5012
5013
5014
5015
5016
5017
5018
5019
5020
5021
5022
5023
5024
5025
5026
5027
5028
5029
5030
5031
5032
5033
5034
5232
5233
5234
5235
5236
5237
5238
5239
5240
5241
5242
5243
5244
5245
5246
5247
5248
5254
5255
5256
5257
5258
5259
5260
5261
5262
5263
5264
5265
5266
5267
5268
5269
5270
5271
5272
5466
5467
5468
5469
5470
5471
5472
5473
5474
5475
5476
5477
5478
5479
5480
5481
5482
5483
5484
5485
5491
5492
5493
5494
5495
5496
5497
5498
5499
5500
5501
5502
5503
5504
5505
5506
5507
5508
5509
5510
5511
5512
5513
5514
5712
5713
5715
5716
5717
5718
5719
5720
5721
5722
5723
5724
5727
5732
5734
5735
5736
5737
5738
5739
5740
5741
5742
5743
5744
5745
5746
5945
5946
5947
5948
5950
5951
5952
5953
5954
5955
5956
5957
5958
5959
5967
5968
5969
5970
5971
5972
5973
5974
5975
5976
5977
5978
6178
6179
6180
6181
6182
6183
6184
6185
6186
6187
6188
6189
6190
6191
6193
6196
6197
6198
6199
6200
6201
6202
6203
6204
6205
6206
6207
6208
6408
6410
6411
6412
6413
6414
6415
6416
6417
6418
6419
6420
6421
6422
6423
6427
6428
6429
6430
6431
6432
6621
6622
6624
6625
6632
6633
6634
6635
6636
6637
6638
6639
6640
6641
6642
6845
6846
6847
6848
6849
6850
6851
6852
6853
6856
6857
6858
6859
6860
6861
6862
7040
7041
7042
7043
7051
7052
7053
7054
7055
7056
7057
7058
7059
7060
7061
7062
7063
7064
7255
7256
7257
7258
7259
7260
7261
7262
7263
7264
7265
7266
7267
7268
7269
7449
7451
7453
7455
14529
14530
14531
14532
14533
14534
14535
14537
14541
14543
14681
14682
14683
14689
14690
14693
14694
14695
14696
14697
14698
14699
14700
14701
14702
14703
14705
14819
14820
14821
14822
14823
14824
14825
14826
14827
14828
14829
14830
14831
14832
14833
14834
14835
14836
14837
14838
14839
14840
14841
14848
14849
14850
14851
14960
14961
14962
14963
14964
14965
14966
14967
14968
14969
14970
14971
14979
14980
14981
14982
14983
14984
14985
14986
14987
14988
14989
14990
14991
14992
14993
14994
14995
14996
14997
14998
15121
15123
15124
15125
15126
15127
15128
15129
15130
15131
15132
15133
15134
15135
15136
15137
15138
15139
15140
15141
15142
15143
15144
15145
15147
15148
15271
15273
15274
15275
15276
15277
15278
15279
15280
15281
15282
15283
15284
15285
15286
15287
15288
15289
15290
15301
15302
15303
15304
15305
15306
15307
15308
15309
15310
15311
15312
15313
15314
15431
15432
15446
15447
15448
15449
15450
15451
15452
15453
15454
15455
15456
15457
15458
15459
15460
15461
15462
15463
15471
15472
15473
15474
15475
15476
15603
15604
15605
15606
15607
15608
15609
15610
15623
15624
15625
15626
15627
15628
15629
15630
15631
15632
15633
15634
15635
15636
15637
15638
15639
15640
15769
15770
15771
15772
15773
15774
15775
15776
15777
15778
15779
15780
15781
15782
15783
15784
15785
15796
15797
15798
15799
15800
15801
15802
15803
15804
15805
15806
15807
15808
15809
15810
15811
15944
15945
15946
15947
15948
15949
15950
15951
15952
15953
15954
15955
15956
15957
15958
15959
15960
15961
15962
15963
15964
15965
15966
15967
15969
16107
16108
16109
16110
16111
16112
16113
16114
16115
16116
16117
16118
16119
16120
16121
16122
16123
16134
16135
16136
16137
16138
16139
16140
16141
16142
16143
16144
16145
16146
16147
16148
16149
16150
16151
16294
16295
16296
16297
16298
16299
16300
16301
16302
16303
16304
16305
16306
16307
16308
16309
16310
16311
16323
16324
16325
16326
16327
16328
16329
16330
16331
16332
16333
16334
16335
16336
16337
16338
16340
16473
16474
16475
16476
16477
16478
16479
16480
16481
16482
16483
16484
16485
16486
16487
16488
16489
16490
16502
16503
16504
16505
16506
16507
16508
16509
16510
16511
16512
16513
16514
16515
16516
16517
16518
16519
16658
16659
16660
16661
16662
16663
16664
16665
16666
16667
16668
16669
16670
16671
16672
16673
16674
16675
16676
16677
16678
16679
16687
16688
16689
16690
16691
16692
16693
16694
16695
16696
16697
16698
16831
16832
16833
16834
16835
16836
16848
16849
16850
16851
16852
16853
16854
16855
16856
16857
16858
16859
16860
16861
16862
16863
16864
16865
16866
16867
16868
16869
17019
17020
17021
17022
17023
17024
17025
17026
17027
17028
17029
17030
17031
17032
17033
17045
17046
17047
17048
17049
17050
17051
17052
17053
17054
17055
17056
17057
17058
17208
17209
17210
17211
17212
17213
17214
17215
17216
17217
17218
17219
17220
17237
17238
17239
17240
17241
17242
17243
17244
17245
17246
17247
17248
17249
17400
17401
17402
17403
17404
17405
17406
17407
17408
17409
17410
17411
17412
17413
17414
17415
17428
17429
17430
17431
17432
17433
17434
17435
17436
17437
17580
17581
17582
17594
17595
17596
17597
17598
17599
17600
17601
17602
17603
17604
17605
17606
17607
17608
17609
17610
17620
17621
17622
17774
17775
17776
17777
17778
17779
17780
17781
17782
17797
17798
17799
17800
17801
17802
17803
17804
17805
17806
17807
17808
17809
17811
17970
17971
17972
17973
17974
17975
17976
17977
17978
17979
17980
17981
17982
17983
17984
17999
18000
18001
18002
18003
18004
18005
18006
18007
18008
18009
18010
18011
18168
18169
18170
18171
18172
18173
18174
18175
18176
18177
18178
18179
18180
18181
18182
18197
18198
18199
18200
18201
18202
18203
18204
18205
18206
18207
18208
18209
18210
18211
18365
18366
18367
18368
18369
18370
18371
18372
18373
18374
18375
18376
18377
18378
18379
18392
18393
18394
18395
18396
18397
18398
18399
18400
18401
18402
18403
18404
18405
18406
18407
18555
18556
18557
18558
18559
18560
18561
18562
18563
18564
18565
18566
18567
18568
18569
18570
18571
18584
18585
18586
18587
18588
18589
18590
18591
18592
18593
18594
18595
18596
18597
18598
18749
18750
18751
18752
18753
18754
18755
18756
18757
18758
18759
18760
18761
18762
18763
18764
18778
18779
18780
18781
18782
18783
18784
18785
18786
18787
18788
18789
18790
18791
18792
18946
18948
18949
18950
18951
18952
18953
18954
18955
18956
18957
18958
18959
18960
18977
18978
18979
18980
18981
18982
18983
18984
18985
18986
18987
18988
18989
19137
19138
19139
19140
19141
19142
19143
19144
19145
19146
19147
19148
19149
19150
19151
19166
19167
19168
19169
19170
19171
19172
19173
19174
19175
19176
19177
19178
19323
19324
19325
19326
19327
19328
19329
19330
19331
19332
19333
19334
19335
19352
19353
19354
19355
19356
19357
19358
19359
19360
19361
19362
19363
19364
19502
19503
19504
19505
19506
19507
19508
19509
19510
19511
19512
19513
19514
19515
19516
19531
19532
19533
19534
19535
19536
19537
19538
19539
19540
19541
19542
19543
19544
19545
19546
19547
19701
19702
19703
19704
19705
19706
19707
19708
19709
19710
19711
19712
19713
19714
19715
19716
19717
19718
19734
19735
19736
19737
19738
19739
19740
19741
19742
19743
19744
19745
19746
19747
19748
19749
19750
19751
19755
19765
19895
19896
19897
19898
19899
19900
19901
19902
19903
19904
19905
19906
19907
19908
19909
19910
19911
19912
19926
19927
19928
19929
19930
19931
19932
19933
19934
19935
19936
19937
19938
19939
19940
19941
19942
19943
19944
19945
19947
19948
19958
20102
20103
20104
20105
20106
20107
20108
20109
20110
20111
20112
20113
20114
20115
20116
20117
20118
20119
20126
20127
20128
20129
20130
20131
20132
20133
20134
20135
20136
20137
20138
20139
20140
20141
20142
20143
20144
20145
20146
20147
20148
20149
20150
20151
20159
20160
20161
20162
20163
20164
20165
20166
20167
20168
20169
20170
20171
20172
20173
20174
20175
20176
20177
20178
20179
20180
20316
20318
20319
20320
20321
20322
20323
20324
20325
20326
20327
20328
20329
20330
20331
20332
20333
20334
20335
20336
20346
20348
20349
20350
20351
20352
20353
20354
20355
20356
20357
20358
20359
20360
20361
20362
20363
20366
20472
20473
20474
20475
20476
20477
20478
20479
20480
20481
20482
20483
20484
20485
20486
20487
20488
20495
20497
20498
20499
20500
20501
20502
20503
20504
20505
20506
20507
20508
20509
20605
20606
20607
20608
20609
20610
20611
20612
20613
20614
20615
20616
20617
20618
20619
20621
20623
20625
20626
20627
20628
20629
20630
20631
20632
20633
20634
20635
20707
20708
20709
20710
20711
20712
20713
20715
20717
