279
283
284
288
470
471
472
473
474
475
476
477
478
479
480
481
482
483
484
490
675
676
677
678
679
680
681
682
683
684
685
686
690
691
692
693
694
695
696
697
699
871
872
873
878
880
881
882
883
884
885
886
887
888
889
890
891
894
1076
1077
1078
1079
1080
1081
1082
1083
1084
1085
1086
1087
1088
1089
1104
1105
1106
1107
1108
1109
1110
1111
1279
1280
1281
1286
1287
1288
1289
1290
1291
1292
1293
1294
1295
1296
1297
1298
1301
1302
1323
1487
1488
1489
1490
1491
1492
1493
1494
1495
1496
1497
1498
1508
1509
1510
1511
1512
1513
1514
1515
1675
1676
1677
1682
1683
1684
1685
1686
1687
1688
1689
1690
1691
1692
1693
1694
1695
1714
1715
1716
1717
1718
1867
1868
1869
1870
1871
1872
1883
1884
1885
1886
1887
1888
1889
1890
1891
1892
1893
1894
1895
1896
2061
2062
2063
2064
2065
2066
2067
2068
2069
2070
2071
2072
2073
2086
2087
2088
2089
2090
2091
2092
2093
2094
2095
2096
2097
2098
2099
2100
2258
2259
2260
2261
2262
2263
2264
2265
2266
2267
2268
2269
2270
2271
2272
2273
2274
2275
2276
2277
2290
2291
2292
2293
2294
2295
2296
2297
2298
2299
2300
2301
2302
2303
2457
2458
2459
2467
2469
2470
2471
2472
2473
2474
2475
2476
2477
2478
2479
2480
2481
2482
2483
2484
2485
2486
2487
2488
2489
2501
2502
2503
2650
2651
2652
2653
2654
2655
2656
2657
2658
2659
2660
2661
2662
2663
2673
2674
2675
2676
2677
2678
2679
2680
2681
2682
2683
2684
2685
2686
2687
2688
2689
2855
2856
2857
2858
2859
2860
2861
2862
2863
2864
2865
2866
2867
2868
2869
2870
2871
2872
2873
2874
2885
2886
2887
2888
2889
2890
2891
2892
2893
2894
3049
3050
3051
3052
3053
3054
3061
3062
3063
3064
3065
3066
3067
3068
3069
3070
3071
3072
3073
3074
3075
3076
3077
3078
3079
3080
3082
3098
3257
3258
3259
3260
3261
3262
3263
3264
3265
3266
3267
3268
3269
3270
3271
3272
3273
3274
3283
3284
3285
3286
3287
3288
3289
3290
3291
3292
3293
3294
3295
3296
3471
3472
3473
3480
3481
3482
3483
3484
3485
3486
3487
3488
3489
3490
3491
3492
3493
3494
3495
3496
3497
3498
3499
3510
3511
3512
3513
3514
3515
3516
3679
3680
3681
3682
3683
3684
3685
3686
3687
3694
3695
3696
3697
3698
3699
3700
3701
3702
3703
3704
3705
3706
3707
3708
3709
3710
3711
3712
3713
3727
3728
3729
3730
3731
3732
3733
3911
3912
3913
3914
3915
3916
3917
3918
3919
3926
3927
3928
3929
3930
3931
3932
3933
3934
3935
3936
3937
3938
3939
3940
3941
3942
3943
3944
3945
3947
3961
3962
3963
4109
4110
4111
4112
4113
4114
4115
4116
4117
4118
4119
4120
4121
4122
4123
4132
4134
4135
4136
4137
4138
4139
4140
4141
4142
4143
4144
4145
4146
4147
4148
4149
4150
4152
4314
4315
4316
4317
4318
4319
4320
4321
4322
4323
4324
4325
4326
4327
4328
4329
4330
4331
4332
4333
4343
4344
4345
4346
4347
4348
4349
4350
4351
4352
4353
4354
4355
4356
4357
4358
4359
4360
4528
4530
4531
4532
4533
4534
4535
4536
4537
4538
4539
4540
4541
4542
4543
4544
4545
4559
4560
4561
4562
4563
4564
4565
4566
4567
4568
4569
4570
4571
4572
4573
4742
4743
4744
4745
4746
4747
4748
4749
4750
4751
4752
4753
4754
4755
4756
4757
4774
4775
4776
4777
4778
4779
4780
4781
4782
4783
4949
4950
4951
4962
4963
4964
4965
4966
4967
4968
4969
4970
4971
4972
4973
4974
4975
4976
4977
4995
4996
4997
4998
4999
5000
5001
5002
5003
5167
5168
5169
5179
5180
5181
5182
5183
5184
5185
5186
5187
5188
5189
5190
5191
5192
5193
5194
5195
5212
5213
5214
5215
5216
5217
5218
5219
5220
5221
5385
5386
5387
5397
5398
5399
5400
5401
5402
5403
5404
5405
5406
5407
5408
5409
5410
5411
5412
5413
5427
5428
5429
5430
5431
5432
5433
5434
5435
5601
5602
5603
5613
5614
5615
5616
5617
5618
5619
5620
5621
5622
5623
5624
5625
5640
5641
5642
5643
5644
5645
5646
5647
5648
5649
5650
5651
5828
5829
5830
5831
5832
5833
5834
5835
5836
5837
5838
5839
5854
5855
5856
5857
5858
5859
5860
5861
5862
5863
5864
5865
6044
6045
6046
6047
6048
6049
6050
6051
6052
6053
6054
6055
6056
6070
6071
6072
6073
6074
6075
6076
6077
6078
6079
6080
6081
6082
6262
6263
6264
6265
6266
6267
6268
6269
6270
6271
6272
6273
6274
6289
6290
6291
6292
6293
6294
6295
6296
6297
6298
6299
6300
6301
6487
6488
6489
6490
6491
6492
6493
6494
6495
6496
6497
6498
6499
6513
6514
6515
6516
6517
6518
6519
6520
6521
6522
6523
6524
6525
6527
6537
6539
6729
6730
6731
6732
6733
6734
6735
6736
6737
6738
6739
6740
6752
6753
6754
6755
6756
6757
6758
6759
6760
6761
6762
6763
6764
6765
6766
6767
6768
6777
6778
6779
6969
6970
6971
6972
6973
6974
6975
6976
6977
6978
6979
6980
6992
6993
6994
6995
6996
6997
6998
6999
7000
7001
7002
7003
7004
7005
7006
7007
7008
7009
7010
7025
7026
7027
7207
7208
7209
7210
7211
7212
7213
7214
7215
7216
7217
7218
7226
7228
7230
7231
7232
7233
7234
7235
7236
7237
7238
7239
7240
7241
7242
7243
7244
7245
7246
7247
7264
7266
7267
7268
7449
7450
7451
7452
7453
7454
7455
7456
7457
7467
7469
7470
7471
7472
7473
7474
7475
7476
7477
7478
7479
7480
7481
7482
7483
7484
7505
7506
7507
7508
7509
7510
7511
7512
7723
7724
7725
7732
7733
7734
7735
7736
7737
7738
7739
7740
7741
7742
7743
7744
7745
7763
7764
7765
7766
7767
7768
7969
7970
7971
7976
7977
7978
7979
7980
7981
7982
7983
7984
7985
7986
7987
7988
8006
8008
8009
8010
8011
8012
8014
8035
8215
8216
8217
8218
8219
8220
8221
8222
8223
8224
8225
8226
8227
8234
8235
8236
8237
8238
8239
8240
8241
8242
8243
8244
8245
8246
8247
8262
8263
8264
8265
8266
8267
8413
8414
8415
8419
8420
8421
8422
8423
8424
8425
8426
8427
8428
8438
8439
8440
8441
8442
8443
8444
8445
8446
8447
8448
8449
8450
8464
8465
8466
8467
8561
8562
8563
8564
8565
8566
8571
8572
8573
8574
8575
8576
8577
8578
8579
8580
8581
8590
8592
8593
8594
8595
8596
8597
8598
8599
8634
8652
8704
8705
8706
8707
8708
8709
8710
8711
8713
8714
8715
8716
8717
8718
8720
8721
8722
8723
8724
8725
8726
8727
8728
8729
8732
8733
8734
8735
8736
8737
8738
15125
15127
15128
15129
15130
15131
15132
15133
15134
15167
15168
15169
15182
15183
15184
15185
15186
15187
15188
15189
15190
15201
15202
15203
15204
15205
15206
15207
15208
15209
15210
15211
15216
15217
15218
15219
15220
15221
15222
15223
15224
15225
15226
15227
15228
15229
15230
15231
15232
15233
15234
15323
15332
15333
15335
15336
15337
15338
15339
15340
15341
15342
15344
15349
15350
15351
15352
15353
15354
15355
15356
15357
15358
15359
15360
15361
15362
15363
15364
15365
15366
15487
15488
15489
15490
15491
15492
15493
15494
15504
15505
15506
15507
15508
15509
15510
15511
15512
15513
15514
15515
15516
15519
15520
15521
15522
15523
15524
15525
15526
15527
15528
15681
15682
15702
15703
15705
15706
15707
15708
15709
15710
15711
15712
15713
15714
15715
15726
15727
15728
15729
15730
15731
15732
15733
15734
15735
15736
15737
15738
15739
15740
15892
15893
15894
15895
15896
15897
15898
15899
15900
15901
15902
15903
15904
15905
15906
15907
15908
15921
15922
15923
15924
15925
15926
15927
15928
15929
15930
15931
15932
15933
15934
15935
15936
15937
15938
15939
15940
15941
15942
15943
15944
15945
16106
16107
16109
16110
16111
16112
16113
16114
16115
16116
16117
16118
16119
16120
16121
16122
16123
16125
16134
16135
16136
16137
16138
16139
16140
16141
16142
16143
16144
16145
16146
16147
16148
16149
16150
16151
16152
16153
16154
16155
16156
16157
16158
16161
16162
16163
16357
16358
16360
16361
16362
16363
16364
16365
16366
16367
16368
16369
16370
16371
16372
16373
16374
16375
16384
16385
16386
16387
16388
16389
16390
16391
16392
16393
16394
16395
16396
16397
16398
16399
16400
16401
16402
16403
16404
16405
16406
16407
16408
16409
16412
16413
16414
16415
16416
16417
16418
16419
16420
16421
16422
16423
16582
16583
16584
16585
16586
16587
16588
16589
16590
16602
16603
16604
16605
16606
16607
16608
16609
16610
16611
16612
16613
16614
16615
16616
16617
16618
16619
16620
16621
16622
16623
16624
16625
16628
16629
16630
16631
16632
16633
16634
16635
16636
16637
16638
16639
16640
16641
16642
16804
16805
16806
16807
16808
16809
16824
16825
16826
16827
16828
16829
16830
16831
16832
16833
16834
16835
16836
16837
16838
16839
16840
16841
16842
16843
16844
16845
16846
16847
16848
16851
16855
16856
16857
16858
16859
16860
16861
16862
16863
16864
16865
16866
16867
16868
16869
16870
16871
16872
17037
17038
17040
17041
17042
17043
17044
17045
17046
17047
17048
17049
17050
17051
17052
17053
17054
17055
17056
17057
17062
17067
17068
17069
17070
17071
17072
17073
17074
17075
17076
17077
17078
17079
17080
17081
17082
17083
17084
17085
17086
17087
17088
17089
17090
17091
17092
17292
17293
17295
17296
17297
17298
17299
17300
17301
17302
17303
17304
17305
17306
17307
17308
17309
17319
17321
17322
17323
17324
17325
17326
17327
17328
17329
17330
17331
17332
17333
17334
17335
17336
17337
17338
17339
17340
17341
17342
17343
17345
17346
17347
17348
17349
17350
17351
17352
17353
17532
17533
17534
17535
17536
17537
17556
17557
17558
17559
17560
17561
17562
17563
17564
17565
17566
17567
17568
17569
17570
17571
17572
17573
17574
17577
17581
17582
17583
17584
17585
17586
17587
17588
17589
17590
17591
17592
17593
17594
17595
17754
17771
17772
17773
17774
17775
17776
17777
17778
17779
17780
17781
17782
17783
17784
17785
17786
17787
17788
17789
17792
17796
17797
17798
17799
17800
17801
17802
17803
17804
17805
17806
17807
17808
17809
17810
17978
17997
17998
17999
18000
18001
18002
18003
18004
18005
18006
18007
18008
18009
18025
18026
18027
18028
18029
18030
18031
18032
18033
18034
18035
18036
18037
18038
18044
18045
18046
18226
18227
18228
18229
18230
18231
18232
18233
18234
18249
18250
18251
18252
18253
18254
18255
18256
18257
18258
18259
18260
18261
18262
18263
18264
18265
18266
18270
18271
18272
18447
18448
18449
18450
18451
18452
18453
18454
18455
18457
18470
18471
18472
18473
18474
18475
18476
18477
18478
18479
18480
18481
18482
18483
18484
18485
18486
18487
18491
18492
18493
18672
18673
18674
18675
18676
18677
18678
18679
18680
18681
18682
18695
18696
18697
18698
18699
18700
18701
18702
18703
18704
18705
18706
18707
18708
18709
18710
18711
18712
18713
18714
18718
18719
18720
18721
18722
18723
18724
18725
18726
18899
18900
18901
18902
18903
18904
18916
18917
18918
18919
18920
18921
18922
18923
18924
18925
18926
18927
18928
18929
18930
18931
18932
18933
19110
19111
19112
19113
19114
19115
19116
19117
19118
19119
19120
19121
19122
19123
19124
19125
19136
19137
19138
19139
19140
19141
19142
19143
19144
19145
19146
19147
19148
19149
19150
19151
19153
19324
19325
19327
19328
19329
19330
19331
19332
19333
19334
19335
19336
19337
19338
19339
19340
19341
19342
19344
19345
19349
19350
19351
19352
19353
19354
19355
19356
19357
19358
19359
19360
19361
19362
19363
19364
19365
19366
19521
19522
19523
19535
19536
19537
19538
19539
19540
19541
19542
19543
19544
19545
19546
19547
19548
19549
19550
19551
19552
19553
19554
19555
19556
19557
19558
19559
19563
19564
19565
19566
19567
19568
19569
19570
19571
19572
19573
19574
19733
19734
19735
19736
19737
19738
19739
19740
19749
19750
19751
19752
19753
19754
19755
19756
19757
19758
19759
19760
19761
19762
19763
19764
19765
19766
19767
19768
19769
19770
19771
19772
19775
19776
19777
19936
19937
19938
19939
19940
19941
19942
19943
19944
19945
19946
19947
19948
19949
19950
19951
19952
19953
19956
19960
19961
19962
19963
19964
19965
19966
19967
19968
19969
19970
19971
19972
19973
19974
19975
19976
19977
19978
20128
20145
20146
20147
20148
20149
20150
20151
20152
20153
20154
20155
20156
20157
20158
20159
20160
20161
20162
20163
20164
20165
20166
20169
20173
20174
20175
20176
20177
20178
20179
20180
20181
20182
20183
20184
20185
20186
20187
20188
20189
20190
20348
20349
20350
20351
20352
20353
20354
20355
20356
20357
20358
20359
20360
20361
20362
20363
20364
20365
20366
20367
20368
20369
20373
20374
20375
20376
20377
20378
20379
20380
20381
20382
20383
20384
20536
20537
20538
20539
20540
20541
20552
20553
20554
20555
20556
20557
20558
20559
20560
20561
20562
20563
20564
20565
20566
20567
20568
20569
20570
20571
20572
20573
20574
20575
20576
20577
20739
20740
20741
20742
20743
20744
20745
20746
20747
20748
20749
20750
20751
20752
20753
20754
20755
20760
20764
20765
20766
20767
20768
20769
20770
20771
20772
20773
20774
20775
20776
20777
20778
20779
20780
20781
20782
20783
20784
20785
20786
20787
20788
20934
20947
20949
20950
20951
20952
20953
20954
20955
20956
20957
20958
20959
20960
20961
20962
20963
20964
20965
20966
20970
20971
20972
20973
20974
20975
20976
20977
20978
20979
20980
20981
20982
20983
20984
20985
21141
21142
21143
21152
21153
21154
21155
21156
21157
21158
21159
21160
21161
21162
21163
21164
21165
21166
21167
21168
21169
21170
21171
21172
21173
21174
21175
21176
21177
21178
21179
21180
21181
21182
21183
21184
21185
21186
21324
21325
21327
21328
21329
21330
21339
21340
21341
21342
21343
21344
21345
21346
21347
21348
21349
21350
21351
21352
21353
21354
21355
21356
21357
21358
21359
21360
21361
21364
21365
21366
21517
21518
21519
21520
21521
21522
21523
21524
21525
21526
21527
21528
21529
21530
21535
21536
21537
21538
21539
21540
21541
21542
21543
21544
21545
21546
21547
21548
21549
21550
21707
21708
21709
21710
21711
21712
21713
21714
21715
21716
21717
21718
21719
21720
21721
21722
21723
21724
21728
21729
21730
21731
21732
21733
21734
21735
21736
21737
21738
21739
21888
21889
21890
21902
21903
21904
21905
21906
21907
21908
21909
21910
21911
21912
21913
21914
21915
21916
21917
21918
21919
21920
21924
21925
21926
21927
21928
21929
22086
22087
22088
22089
22090
22091
22092
22093
22094
22095
22096
22100
22104
22105
22106
22107
22108
22109
22110
22111
22112
22113
22114
22115
22116
22117
22118
22119
22120
22121
22122
22123
22124
22276
22277
22278
22279
22280
22281
22282
22283
22284
22285
22286
22287
22288
22289
22290
22291
22294
22295
22296
22297
22298
22299
22300
22301
22302
22303
22304
22305
22306
22443
22446
22447
22448
22449
22460
22462
22463
22464
22465
22466
22467
22468
22469
22470
22471
22472
22473
22474
22475
22476
22477
22478
22482
22483
22484
22485
22486
22487
22630
22631
22633
22634
22635
22636
22637
22638
22646
22647
22648
22649
22650
22651
22652
22653
22654
22655
22656
22657
22658
22659
22660
22661
22662
22826
22828
22829
22830
22831
22832
22833
22834
22835
22836
22837
22838
22839
22840
22841
22842
22846
22847
22848
22849
22850
22851
22852
22853
22854
22996
22997
22998
23007
23009
23010
23011
23012
23013
23014
23015
23016
23017
23018
23019
23020
23021
23022
23023
23164
23166
23167
23168
23169
23170
23171
23172
23173
23174
23175
23178
23179
23180
23181
23182
23183
23184
23185
23186
23187
23335
23343
23344
23345
23346
23347
23348
23349
23350
23351
23352
23353
23354
23513
23515
23517
23519
