5456
5457
5458
5459
5460
5466
5579
5581
5583
5588
5589
5590
5591
5592
5593
5594
5595
5596
5597
5605
5606
5607
5608
5609
5610
5611
5728
5730
5735
5736
5737
5738
5739
5740
5741
5750
5751
5752
5753
5754
5755
5756
5757
5758
5759
5760
5761
5762
5763
5851
5867
5868
5869
5870
5887
5888
5889
5890
5891
5892
5893
5894
5895
5896
5897
5898
5899
5900
5901
5902
5913
5914
5915
5916
5917
5989
5990
5991
5992
5998
5999
6000
6001
6002
6003
6004
6005
6006
6007
6008
6009
6025
6026
6027
6028
6029
6030
6031
6032
6107
6108
6109
6110
6115
6116
6117
6118
6119
6120
6121
6122
6123
6124
6125
6126
6143
6144
6145
6146
6147
6148
6149
6150
6229
6231
6232
6237
6238
6239
6240
6241
6242
6243
6244
6245
6246
6247
6248
6262
6264
6265
6266
6267
6268
6269
6270
6271
6359
6362
6367
6368
6369
6370
6371
6372
6373
6374
6375
6376
6377
6378
6383
6384
6385
6386
6387
6388
6389
6390
6391
6392
6405
6406
6407
6408
6409
6410
6492
6494
6495
6500
6501
6502
6503
6504
6505
6506
6507
6508
6509
6510
6511
6516
6517
6518
6519
6531
6532
6533
6534
6535
6536
6537
6538
6539
6626
6629
6634
6635
6636
6637
6638
6639
6640
6641
6642
6643
6644
6645
6655
6656
6657
6658
6659
6660
6661
6669
6670
6671
6672
6673
6674
6675
6762
6765
6770
6771
6772
6773
6774
6775
6776
6777
6778
6779
6780
6781
6790
6791
6792
6793
6794
6795
6796
6797
6804
6805
6806
6807
6808
6809
6896
6899
6904
6905
6906
6907
6908
6909
6910
6911
6912
6913
6914
6915
6924
6925
6926
6927
6928
6929
6930
6937
6938
6939
6940
6941
6942
6943
6944
6945
7027
7029
7030
7035
7036
7037
7038
7039
7040
7041
7042
7043
7044
7045
7054
7055
7056
7057
7058
7059
7060
7067
7068
7069
7070
7071
7072
7073
7074
7075
7076
7165
7166
7167
7168
7173
7174
7175
7176
7177
7178
7179
7180
7189
7190
7191
7192
7193
7194
7195
7196
7203
7204
7205
7206
7207
7208
7209
7210
7211
7212
7299
7300
7301
7303
7305
7310
7311
7312
7313
7314
7315
7316
7317
7318
7319
7320
7329
7330
7331
7332
7333
7334
7335
7336
7343
7344
7345
7346
7347
7348
7349
7350
7351
7352
7438
7443
7444
7445
7446
7447
7448
7449
7450
7451
7452
7453
7454
7463
7464
7465
7466
7467
7468
7469
7470
7479
7480
7481
7482
7483
7484
7485
7486
7569
7572
7577
7578
7579
7580
7581
7582
7583
7584
7585
7586
7587
7588
7597
7598
7599
7600
7601
7602
7603
7612
7613
7614
7615
7616
7617
7618
7619
7620
7621
7622
7698
7701
7711
7712
7713
7714
7715
7716
7717
7718
7719
7720
7721
7722
7733
7734
7735
7736
7742
7744
7745
7746
7747
7748
7749
7750
7751
7752
7753
7828
7831
7840
7841
7842
7843
7844
7845
7846
7847
7848
7849
7850
7851
7860
7861
7862
7863
7869
7870
7871
7872
7873
7874
7875
7876
7877
7878
7879
7960
7962
7963
7972
7973
7974
7975
7976
7977
7978
7979
7980
7981
7982
7991
7992
7993
7994
7995
7996
7997
8002
8003
8004
8005
8006
8007
8008
8009
8010
8011
8012
8013
8098
8099
8100
8101
8110
8111
8112
8113
8114
8115
8116
8117
8126
8127
8128
8129
8130
8131
8132
8133
8138
8139
8140
8141
8142
8143
8144
8145
8146
8147
8148
8149
8238
8240
8241
8250
8251
8252
8253
8254
8255
8256
8257
8266
8267
8268
8269
8270
8271
8272
8273
8278
8280
8281
8282
8283
8284
8285
8286
8287
8288
8289
8374
8376
8377
8386
8387
8388
8389
8390
8391
8392
8393
8402
8403
8404
8405
8406
8407
8408
8409
8416
8417
8418
8419
8420
8421
8422
8423
8424
8425
8519
8520
8521
8522
8528
8529
8530
8531
8532
8533
8534
8535
8544
8545
8546
8547
8548
8549
8550
8551
8558
8559
8560
8561
8562
8563
8564
8565
8566
8567
8654
8655
8656
8657
8667
8668
8669
8670
8671
8672
8673
8674
8675
8676
8677
8683
8684
8685
8686
8687
8694
8695
8696
8697
8698
8699
8700
8701
8702
8703
8792
8793
8794
8795
8804
8805
8806
8807
8808
8809
8810
8811
8812
8813
8814
8815
8820
8821
8822
8823
8824
8825
8826
8833
8834
8835
8836
8837
8838
8839
8928
8929
8930
8931
8940
8941
8942
8943
8944
8945
8946
8947
8948
8949
8950
8951
8956
8957
8958
8959
8960
8961
8962
8963
8970
8971
8972
8973
8974
8975
9061
9070
9071
9072
9073
9082
9083
9084
9085
9086
9087
9088
9089
9090
9091
9092
9093
9098
9099
9100
9101
9102
9103
9104
9105
9112
9113
9114
9115
9116
9117
9203
9212
9213
9214
9215
9224
9225
9226
9227
9228
9229
9230
9231
9232
9233
9234
9235
9247
9249
9250
9251
9252
9253
9254
9255
9256
9257
9258
9261
9342
9345
9354
9355
9356
9357
9366
9367
9368
9369
9370
9371
9372
9373
9374
9375
9376
9377
9378
9379
9380
9391
9392
9393
9394
9395
9396
9397
9482
9484
9485
9494
9495
9496
9497
9506
9507
9508
9509
9510
9511
9512
9513
9514
9515
9516
9517
9518
9519
9520
9521
9534
9535
9536
9537
9620
9623
9632
9633
9634
9635
9636
9637
9638
9658
9660
9661
9662
9663
9664
9665
9666
9667
9668
9669
9670
9671
9672
9679
9756
9759
9768
9769
9770
9771
9772
9773
9774
9800
9802
9803
9804
9805
9806
9807
9808
9809
9810
9886
9889
9913
9914
9915
9916
9934
9936
9937
9938
9939
9940
9941
9942
9943
10064
10067
10084
10086
10087
10088
10089
10090
10091
10092
10093
10094
10095
10106
10107
10215
10217
10230
10231
10232
10233
10234
10235
10236
10237
10238
10239
10363
10365
10373
10374
10375
10376
10377
10378
10379
10380
10381
10382
10483
10484
10487
10488
10489
10490
10491
10593
14930
14931
14932
14933
14934
14935
14936
14937
14939
15010
15011
15012
15013
15014
15015
15016
15017
15018
15019
15020
15021
15022
15023
15024
15025
15026
15031
15032
15033
15034
15127
15128
15129
15130
15131
15132
15133
15134
15135
15136
15137
15138
15139
15140
15141
15142
15147
15148
15255
15256
15257
15258
15259
15260
15261
15262
15263
15264
15265
15266
15267
15268
15269
15270
15280
15377
15378
15379
15380
15381
15382
15383
15384
15385
15386
15387
15388
15389
15390
15391
15392
15393
15395
15397
15398
15399
15400
15401
15402
15403
15404
15492
15493
15494
15495
15496
15497
15498
15499
15500
15501
15502
15503
15504
15505
15506
15507
15513
15514
15515
15516
15606
15607
15608
15609
15610
15611
15612
15613
15614
15615
15616
15617
15618
15619
15620
15621
15622
15731
15732
15733
15734
15735
15736
15737
15738
15739
15740
15741
15742
15748
15749
15750
15751
15752
15753
15754
15755
15756
15861
15862
15863
15864
15865
15866
15867
15868
15869
15870
15871
15872
15879
15880
15881
15882
15883
15884
15993
15994
15995
15996
15997
15998
15999
16000
16001
16002
16003
16004
16005
16006
16007
16008
16010
16020
16123
16125
16126
16127
16128
16129
16130
16131
16132
16133
16134
16135
16136
16254
16255
16256
16257
16258
16259
16260
16261
16379
16380
16381
16382
16383
16384
16385
16386
16387
16388
16495
16496
16497
16498
16499
16500
16501
16506
16507
16508
16509
16510
16511
16512
16513
16514
16625
16626
16627
16628
16629
16630
16631
16632
16633
16634
16635
16636
16637
16645
16646
16647
16648
16755
16756
16757
16758
16759
16760
16761
16762
16763
16764
16765
16766
16775
16776
16883
16884
16885
16886
16887
16888
16889
16890
16891
16892
16893
16894
16895
16896
16902
16903
16904
16905
17014
17015
17016
17017
17018
17019
17020
17021
17022
17023
17024
17025
17026
17027
17028
17029
17030
17031
17032
17033
17034
17042
17150
17151
17152
17153
17154
17155
17156
17157
17158
17159
17160
17161
17162
17163
17164
17165
17166
17167
17168
17169
17289
17290
17291
17292
17293
17294
17295
17296
17297
17298
17299
17300
17301
17302
17303
17304
17305
17307
17426
17427
17428
17429
17430
17431
17432
17433
17434
17435
17436
17437
17438
17439
17440
17441
17566
17567
17568
17569
17570
17571
17572
17573
17574
17575
17576
17577
17578
17579
17703
17704
17705
17706
17707
17708
17709
17710
17711
17712
17713
17714
17715
17716
17717
17718
17720
17844
17845
17846
17847
17848
17849
17850
17851
17852
17853
17854
17855
17856
17857
17858
17859
17860
17862
17863
17988
17989
17990
17991
17992
17993
17994
17995
17996
17997
17998
17999
18000
18001
18002
18003
18004
18005
18014
18015
18016
18132
18134
18135
18136
18137
18138
18139
18140
18141
18142
18143
18144
18145
18146
18147
18148
18149
18150
18158
18159
18160
18161
18278
18279
18280
18281
18282
18283
18284
18285
18286
18287
18288
18289
18290
18291
18292
18298
18299
18300
18301
18302
18303
18304
18305
18306
18425
18426
18427
18428
18429
18430
18437
18439
18440
18441
18442
18443
18444
18445
18446
18447
18448
18449
18450
18577
18578
18579
18580
18581
18582
18583
18584
18585
18586
18587
18588
18589
18590
18713
18714
18715
18716
18717
18718
18719
18720
18721
18722
18723
18724
18725
18726
18865
18866
18867
18868
18869
18870
18871
18872
18873
18874
18875
18876
18877
18878
18879
18880
18883
18884
19008
19010
19011
19012
19013
19014
19015
19016
19017
19018
19019
19020
19021
19022
19023
19024
19025
19026
19027
19035
19036
19037
19156
19157
19158
19159
19160
19161
19162
19163
19164
19165
19166
19167
19168
19169
19170
19176
19177
19178
19179
19180
19181
19182
19183
19184
19303
19304
19305
19306
19307
19308
19313
19316
19317
19318
19319
19320
19321
19322
19323
19324
19325
19326
19327
19440
19442
19443
19444
19445
19446
19447
19448
19449
19450
19451
19452
19453
19454
19455
19456
19466
19467
19468
19469
19580
19582
19583
19584
19585
19586
19587
19588
19589
19590
19591
19596
19597
19598
19599
19600
19601
19602
19603
19736
19737
19738
19739
19740
19750
19752
19754
