1833
1834
1835
1836
1878
1880
1885
1887
1889
1890
1891
1892
1893
1894
1895
1896
1897
1898
1899
1900
1959
1960
1961
1962
1963
1964
1965
1966
1967
1968
1969
1970
1971
1972
2024
2026
2027
2028
2029
2030
2031
2032
2033
2034
2035
2086
2087
2088
2089
2090
2091
2092
2093
2095
2097
2098
2099
2157
2158
2159
2160
2161
2162
2163
2164
2168
2170
2171
2172
2173
2174
2175
2176
2177
2237
2238
2239
2240
2241
2242
2243
2244
2245
2246
2247
2248
2249
2250
2251
2255
2256
2310
2311
2312
2313
2314
2315
2316
2317
2318
2319
2320
2321
2322
2323
2324
2325
2384
2385
2386
2387
2388
2389
2390
2391
2392
2393
2394
2395
2396
2397
2398
2399
2463
2464
2465
2466
2467
2468
2469
2470
2471
2472
2473
2474
2475
2476
2477
2478
2479
2480
2482
2545
2546
2547
2548
2549
2550
2551
2552
2553
2554
2555
2556
2557
2558
2559
2560
2561
2562
2563
2564
2629
2630
2631
2632
2633
2634
2635
2636
2637
2638
2639
2640
2641
2642
2643
2644
2726
2727
2728
2729
2730
2731
2732
2733
2734
2735
2736
2737
2811
2812
2813
2814
2815
2816
2817
2818
2819
2820
2821
2822
2823
2824
2825
2827
2892
2893
2894
2895
2896
2897
2898
2903
2904
2905
2906
2907
2908
2909
2910
2911
2912
2913
2914
2915
2916
2917
2918
2919
2983
2985
2986
2987
2988
2989
2990
2991
2992
2993
2994
2995
2996
2997
2998
2999
3000
3001
3004
3005
3006
3007
3078
3079
3080
3081
3082
3083
3084
3085
3086
3087
3088
3089
3090
3160
3161
3162
3163
3164
3165
3166
3167
3168
3169
3170
3171
3172
3173
3250
3251
3252
3253
3254
3255
3256
3257
3258
3259
3260
3261
3262
3263
3335
3336
3337
3338
3339
3340
3341
3342
3343
3344
3345
3346
3347
3348
3349
3350
3414
3415
3416
3421
3422
3423
3424
3425
3426
3427
3428
3429
3430
3431
3432
3433
3503
3504
3505
3506
3507
3508
3509
3510
3511
3512
3513
3514
3515
3516
3523
3524
3525
3593
3594
3595
3596
3597
3598
3599
3600
3601
3602
3603
3604
3605
3606
3664
3665
3666
3667
3668
3669
3670
3671
3672
3673
3674
3675
3676
3677
3678
3679
3734
3735
3736
3737
3738
3739
3740
3741
3742
3743
3744
3745
3746
3747
3748
3749
3797
3798
3799
3804
3805
3806
3807
3808
3809
3810
3811
3812
3813
3814
3815
3816
3863
3864
3865
3866
3871
3872
3873
3874
3875
3876
3877
3878
3879
3880
3881
3882
3934
3936
3937
3938
3939
3940
3941
3942
3943
3944
3945
3946
3947
3948
3949
3951
3954
3955
3956
4004
4005
4006
4007
4008
4009
4010
4011
4012
4013
4014
4015
4016
4017
4018
4019
4068
4069
4070
4071
4072
4073
4074
4075
4076
4077
4078
4079
4080
4081
4082
4083
4085
4122
4124
4125
4126
4127
4128
4129
4130
4131
4132
4134
4136
4137
4138
4139
4140
4141
4142
4143
4144
4145
4146
4187
4188
4189
4190
4191
4192
4193
4194
4195
4196
4197
4198
4199
4200
4201
4205
4206
4282
4284
4290
4291
4292
4293
4294
4295
4296
4297
4335
4336
4338
4339
4340
4341
4342
4343
4344
4346
4347
4363
4365
4367
4369
4374
4375
4376
4377
4378
4379
4380
4381
4382
4383
4384
4385
4386
4387
4390
4391
4393
4442
4443
4445
4446
4447
4448
4449
4450
4451
4452
4453
4458
4505
4507
4508
4509
4510
4511
4512
4513
4514
4591
4592
4593
4594
4595
4596
4597
4598
4599
4676
4677
4678
4679
4680
4681
4682
4683
4684
4685
4686
4687
4750
4753
4754
4755
4756
4757
4758
4759
4760
4761
4762
4763
4764
4832
4833
4834
4835
4836
4837
4838
4839
4840
4841
4842
4843
4912
4913
4914
4915
4916
4917
4918
4919
4920
4921
4922
4923
4984
4985
4986
4987
4988
4989
4990
4991
4992
4993
4994
4995
4996
4997
4998
4999
5000
5004
5005
5006
5007
5074
5075
5076
5077
5078
5079
5080
5081
5082
5083
5084
5085
5086
5091
5092
5093
5094
5159
5161
5162
5163
5164
5165
5166
5167
5168
5169
5174
5175
5176
5177
5243
5245
5246
5247
5248
5249
5250
5251
5252
5253
5254
5255
5257
5263
5333
5335
5336
5337
5338
5339
5340
5341
5342
5343
5344
5346
5416
5417
5418
5419
5420
5421
5422
5424
5426
5427
5428
5429
5430
5431
5432
5433
5434
5508
5509
5510
5511
5512
5513
5514
5515
5516
5518
5520
5521
5522
5523
5524
5525
5526
5527
5600
5601
5602
5603
5604
5605
5606
5607
5612
5613
5614
5615
5616
5617
5618
5619
5692
5693
5694
5695
5696
5697
5698
5699
5700
5701
5702
5703
5704
5709
5710
5711
5791
5793
5794
5795
5796
5797
5798
5799
5800
5801
5811
5887
5889
5890
5891
5892
5893
5894
5895
5896
5897
5968
5969
5970
5971
5972
5973
5974
5976
5978
5979
5980
5981
5982
5983
5984
5985
6062
6063
6064
6065
6066
6067
6068
6069
6070
6072
6074
6075
6076
6077
6078
6079
6080
6081
6154
6155
6156
6157
6159
6161
6162
6163
6164
6165
6166
6167
6168
6169
6248
6249
6250
6251
6252
6253
6254
6255
6325
6327
6328
6329
6330
6331
6332
6333
6334
6335
6336
6337
6338
6339
6344
6345
6417
6419
6420
6421
6422
6423
6424
6425
6426
6427
6428
6429
6430
6431
6503
6506
6507
6508
6509
6510
6511
6512
6513
6514
6516
6517
6588
6589
6590
6591
6592
6593
6594
6595
6596
6597
6598
6599
6670
6671
6672
6673
6674
6675
6676
6677
6678
6679
6680
6681
6742
6744
6746
6748
6749
6750
6751
6752
6753
6754
6756
6817
6818
6819
6820
6821
6822
6823
6825
6828
6829
6888
6889
6890
6891
6892
6893
6894
6895
6896
6899
6901
6902
6903
6904
6905
6906
6907
6908
6910
6911
6945
6946
6947
6948
6949
6950
6951
6952
6953
6954
6955
6956
6957
6958
6965
6969
6970
6971
6978
6979
6980
6981
6982
6983
6984
6985
