5
6
7
8
9
10
11
12
13
14
15
16
17
18
19
20
21
22
23
24
25
26
27
29
34
35
36
37
38
39
40
41
42
43
44
45
50
51
52
53
54
55
56
57
58
59
60
61
62
63
64
65
66
67
68
69
70
71
72
73
74
75
76
77
78
81
82
83
84
85
86
87
88
89
90
91
92
96
97
98
99
100
101
102
103
104
105
106
107
112
113
114
115
116
117
118
119
120
121
122
123
136
137
138
139
140
141
142
143
144
145
146
147
163
164
165
166
167
168
169
170
171
172
173
174
192
193
194
195
196
197
198
199
200
201
202
219
220
221
222
223
224
225
226
227
228
229
247
248
250
269
300
320
321
322
323
324
337
340
342
355
356
357
358
359
360
361
362
363
364
365
366
367
368
369
370
372
373
374
376
377
378
379
380
381
382
383
384
389
392
393
394
395
396
397
398
399
408
409
410
411
412
413
414
415
424
425
426
427
428
429
430
431
448
449
450
451
452
453
472
473
474
475
476
477
479
494
495
496
497
498
499
500
501
502
503
518
519
520
521
522
523
524
525
526
527
545
546
547
548
549
550
551
552
553
554
555
556
573
574
575
576
577
578
592
624
625
753
754
755
756
757
758
759
760
761
763
769
770
772
773
774
775
776
777
778
779
788
789
1031
1034
1036
1042
3715
3716
3718
3720
3721
3723
3963
3978
3979
3980
3981
3982
3983
3984
3985
3992
3993
3994
3995
3996
3997
3998
3999
4003
4004
4213
4225
4235
4237
4244
4246
4252
4254
4260
4261
4262
4263
4264
4265
4266
4267
4268
4269
4270
4271
4272
4273
4274
4275
4276
4277
4284
4285
4286
4287
4288
4289
4290
4291
4292
4293
4294
4295
4296
4297
4304
4306
4307
4308
4309
4310
4311
4312
4313
4314
4315
4316
4317
4319
4328
4330
4331
4332
4333
4334
4335
4336
4337
4343
4344
4345
4346
4347
4348
4349
4350
4351
4352
4365
4366
4367
4368
4369
4370
4371
4373
4379
4380
4381
4382
4384
4387
4388
4438
4439
4452
4454
4465
4467
4477
4479
4489
4490
4491
4504
4505
4506
4507
4508
4509
4510
4511
4512
4513
4524
4525
4526
4527
4528
4529
4530
4531
4532
4533
4544
4545
4546
4547
4548
4549
4550
4551
4552
4553
4562
4563
4564
4565
4566
4567
4568
4569
4570
4571
4572
4573
4578
4579
4580
4581
4582
4583
4584
4585
4586
4587
4588
4589
4590
4593
4594
4595
4596
4597
4598
4599
4600
4601
4602
4603
4604
4605
4606
4609
4610
4611
4612
4613
4614
4615
4616
4617
4618
4619
4620
4621
4622
4623
4624
4625
4626
4627
4628
4629
4630
4631
4632
4633
4634
4635
4636
4637
4638
4639
4640
4641
4642
4643
4644
4645
4646
4647
4648
4649
4650
4651
4652
4653
4654
4655
4656
4657
4658
4659
4660
4661
4662
4663
4664
4665
4666
4667
4668
4669
4670
4671
4672
4673
4674
4678
4679
4680
4681
4682
4683
4684
4685
4686
4687
4688
4689
4690
4691
4692
4693
4698
4700
4701
4702
4703
4704
4705
4706
4707
4708
4709
4710
4711
4712
4713
4715
4717
4718
4719
4720
4721
4722
4723
4724
4725
4726
4727
4728
4729
4733
4734
4735
4736
4737
4738
4739
4740
4741
4742
4743
4744
4749
4750
4751
4752
4753
4754
4755
4756
4757
4758
4759
4760
4762
4765
4766
4767
4768
4769
4770
4771
4772
4773
4774
4775
4778
4779
4780
4781
4782
4783
4784
4785
4786
4787
4788
4789
4790
4791
4792
4793
4794
4795
4796
4797
4798
4799
4800
4801
4802
4803
4804
4805
4806
4807
4808
4809
4810
4811
4812
4813
4814
4815
4816
4817
4818
4819
4820
4821
4822
