223
225
227
391
392
393
394
395
396
397
398
399
400
401
402
404
572
574
575
576
577
578
579
580
581
582
583
770
772
773
774
775
776
777
778
959
960
961
962
963
964
965
966
967
968
969
981
983
1147
1148
1149
1150
1151
1152
1157
1158
1159
1160
1161
1162
1163
1164
1165
1365
1366
1367
1368
1369
1370
1371
1372
1373
1374
1375
1392
1394
1396
1551
1552
1553
1554
1555
1556
1557
1563
1564
1565
1566
1567
1568
1569
1570
1571
1572
1573
1574
1773
1774
1775
1776
1777
1778
1779
1789
1790
1791
1792
1793
1794
1795
1796
1797
1798
1799
1801
1819
1821
2007
2008
2009
2010
2011
2012
2013
2014
2015
2016
2017
2018
2020
2022
2030
2031
2032
2033
2034
2035
2036
2051
2053
2055
2209
2210
2211
2212
2213
2214
2215
2216
2217
2218
2219
2220
2221
2222
2223
2224
2225
2226
2227
2228
2229
2230
2231
2233
2241
2242
2243
2244
2245
2246
2247
2248
2249
2265
2267
2481
2482
2483
2484
2485
2486
2487
2488
2489
2490
2491
2492
2493
2494
2495
2496
2497
2498
2499
2501
2510
2511
2512
2513
2514
2515
2516
2533
2535
2735
2736
2737
2738
2739
2740
2741
2742
2743
2744
2745
2746
2747
2748
2749
2750
2751
2752
2753
2765
2766
2767
2768
2769
2770
2771
2785
2787
2987
2988
2989
2990
2991
2992
2993
2996
2997
2998
2999
3000
3001
3002
3003
3004
3005
3006
3007
3019
3020
3021
3022
3023
3024
3025
3039
3040
3041
3217
3218
3219
3220
3221
3222
3223
3226
3227
3228
3229
3230
3231
3232
3233
3234
3235
3236
3237
3248
3249
3250
3251
3252
3253
3254
3255
3267
3269
3270
3271
3451
3452
3453
3454
3455
3456
3457
3458
3459
3460
3461
3462
3463
3464
3465
3466
3467
3468
3469
3470
3471
3472
3473
3482
3483
3484
3485
3486
3487
3488
3489
3503
3505
3677
3678
3679
3680
3681
3682
3683
3684
3686
3687
3688
3689
3690
3691
3692
3693
3694
3695
3696
3697
3709
3710
3711
3712
3713
3714
3715
3729
3731
3897
3898
3899
3900
3901
3902
3903
3906
3907
3908
3909
3910
3911
3912
3913
3914
3915
3916
3917
3930
3932
3933
3934
3935
3936
4113
4114
4115
4116
4117
4118
4125
4126
4127
4128
4129
4130
4131
4132
4133
4134
4135
4136
4150
4151
4152
4153
4154
4335
4336
4337
4338
4339
4340
4341
4343
4347
4348
4349
4350
4351
4352
4353
4354
4355
4356
4357
4358
4359
4360
4372
4373
4374
4375
4376
4553
4554
4555
4556
4557
4558
4559
4560
4561
4565
4566
4567
4568
4569
4570
4571
4572
4573
4574
4575
4576
4577
4578
4579
4592
4594
4595
4596
4598
4771
4772
4773
4774
4775
4776
4777
4778
4779
4780
4781
4782
4791
4792
4793
4794
4795
4796
4797
4813
4814
4816
5009
5010
5011
5012
5013
5014
5015
5016
5017
5018
5019
5020
5021
5022
5023
5024
5025
5035
5036
5037
5038
5039
5040
5041
5042
5056
5058
5281
5282
5283
5284
5285
5286
5290
5291
5292
5293
5294
5295
5296
5297
5298
5299
5308
5309
5310
5311
5312
5313
5330
5332
5531
5532
5533
5534
5535
5536
5537
5538
5539
5540
5541
5542
5543
5544
5545
5546
5547
5548
5549
5559
5560
5561
5562
5563
5564
5565
5566
5567
5568
5569
5588
5590
5803
5804
5805
5806
5807
5808
5809
5818
5819
5820
5821
5822
5823
5824
5825
5826
5827
5828
5829
5831
5842
5843
5844
5845
5846
5847
5848
5849
5866
5868
6073
6074
6075
6076
6077
6078
6079
6080
6081
6085
6086
6087
6088
6089
6090
6091
6092
6093
6094
6095
6096
6107
6108
6109
6110
6111
6112
6113
6114
6115
6116
6117
6118
6119
6120
6121
6131
6133
6134
6135
6136
6137
6138
6337
6338
6339
6340
6341
6342
6343
6344
6345
6346
6352
6353
6354
6355
6356
6357
6358
6359
6360
6361
6362
6363
6364
6376
6377
6378
6379
6380
6381
6382
6397
6569
6570
6571
6572
6573
6574
6575
6581
6582
6583
6584
6585
6586
6587
6588
6589
6590
6591
6592
6602
6604
6605
6606
6607
6608
6609
6626
6628
6807
6808
6809
6810
6811
6812
6813
6816
6817
6818
6819
6820
6821
6822
6823
6824
6826
6835
6836
6837
6838
6839
6840
6841
6860
6862
7019
7020
7021
7022
7023
7024
7025
7026
7027
7028
7029
7030
7031
7032
7033
7035
7043
7044
7045
7046
7047
7048
7049
7050
7051
7052
7053
7054
7055
7069
7231
7232
7233
7234
7235
7236
7237
7238
7239
7247
7248
7249
7250
7251
7252
7253
7254
7255
7256
7257
7258
7259
7275
7277
7278
7451
7452
7453
7454
7455
7456
7457
7458
7459
7466
7467
7468
7469
7470
7471
7472
7473
7474
7475
7476
7491
7493
7494
7661
7662
7663
7664
7665
7666
7667
7668
7669
7676
7677
7678
7679
7680
7681
7682
7683
7684
7685
7686
7701
7702
7703
7704
7859
7860
7861
7862
7863
7864
7865
7866
7867
7874
7875
7876
7877
7878
7879
7880
7881
7882
7883
7884
7896
7897
7898
7899
7900
7901
7915
7917
7919
7920
8051
8052
8053
8054
8055
8056
8057
8058
8059
8060
8063
8064
8065
8066
8067
8068
8069
8070
8071
8072
8073
8074
8075
8085
8086
8087
8088
8089
8090
8091
8092
8093
8094
8095
8113
8115
8116
8133
8134
8225
8226
8227
8228
8229
8230
8231
8237
8238
8239
8240
8241
8242
8243
8244
8245
8259
8260
8261
8262
8263
8264
8265
8266
8267
8282
8283
8284
8285
8286
8287
8288
8304
8305
8306
8307
8308
8309
8310
8311
8330
8413
8414
8415
8416
8417
8418
8419
8420
8421
8422
8423
8424
8425
8426
8427
8428
8429
8430
8431
8432
8433
8434
8435
8436
8437
8438
8439
8440
8441
8442
8449
8450
8451
8453
15109
15111
15112
15113
15114
15115
15125
15127
15128
15129
15130
15131
15132
15133
15134
15135
15136
15144
15145
15147
15148
15149
15150
15151
15153
15154
15212
15214
15216
15230
15231
15232
15233
15234
15235
15236
15237
15238
15239
15240
15249
15251
15252
15253
15254
15255
15256
15257
15258
15259
15260
15261
15262
15269
15270
15271
15272
15273
15274
15275
15276
15277
15278
15279
15280
15399
15417
15418
15419
15420
15421
15422
15424
15425
15440
15441
15442
15443
15444
15445
15446
15447
15448
15449
15450
15457
15459
15460
15462
15463
15464
15465
15466
15467
15468
15469
15471
15472
15603
15605
15607
15609
15611
15613
15615
15631
15632
15633
15634
15635
15636
15637
15638
15639
15640
15641
15642
15643
15660
15661
15662
15663
15664
15665
15666
15667
15668
15669
15670
15671
15672
15673
15685
15688
15689
15690
15691
15692
15693
15694
15695
15805
15806
15807
15821
15822
15823
15824
15825
15826
15827
15828
15829
15830
15831
15849
15850
15851
15852
15853
15854
15855
15856
15857
15858
15859
15860
15861
15862
15863
15883
15885
15886
15888
15889
15890
15891
15892
15893
15977
15988
15989
15990
15991
15992
15995
16011
16013
16014
16015
16016
16017
16018
16019
16020
16021
16022
16023
16024
16025
16026
16049
16050
16051
16052
16053
16054
16055
16056
16057
16058
16059
16060
16061
16072
16074
16075
16076
16169
16170
16172
16189
16190
16191
16192
16193
16194
16195
16196
16197
16198
16199
16218
16219
16220
16221
16222
16223
16224
16225
16226
16227
16228
16229
16230
16231
16248
16250
16251
16252
16253
16254
16255
16341
16343
16356
16357
16358
16359
16360
16361
16362
16364
16387
16388
16389
16390
16391
16392
16393
16394
16395
16396
16397
16398
16399
16400
16401
16423
16425
16426
16427
16428
16429
16430
16431
16432
16433
16434
16445
16555
16556
16557
16573
16574
16575
16576
16577
16578
16579
16580
16583
16607
16608
16609
16610
16611
16612
16613
16614
16615
16616
16617
16618
16637
16638
16639
16640
16641
16642
16783
16784
16785
16786
16787
16788
16790
16814
16815
16816
16817
16818
16819
16820
16821
16822
16823
16824
16844
16845
16846
16847
16848
16849
16850
16851
16852
16856
16857
16858
16979
16980
16981
16982
16983
16986
17004
17005
17006
17007
17008
17009
17010
17011
17012
17013
17014
17035
17036
17037
17039
17040
17041
17042
17043
17044
17186
17201
17202
17204
17206
17226
17227
17228
17229
17230
17231
17232
17233
17234
17235
17236
17237
17238
17239
17260
17262
17263
17264
17265
17266
17267
17268
17269
17270
17271
17272
17277
17278
17279
17280
17281
17389
17390
17391
17393
17413
17414
17415
17416
17417
17418
17419
17420
17421
17423
17445
17446
17447
17448
17449
17450
17451
17452
17453
17454
17455
17456
17457
17462
17463
17464
17465
17466
17585
17610
17611
17612
17613
17614
17615
17616
17617
17618
17619
17620
17639
17641
17642
17643
17644
17645
17646
17647
17648
17649
17650
17651
17652
17659
17660
17661
17662
17663
17664
17776
17778
17797
17798
17799
17800
17801
17802
17803
17804
17826
17827
17828
17829
17830
17831
17832
17833
17834
17835
17843
17844
17845
17846
17847
17976
17997
17998
17999
18000
18001
18002
18003
18005
18007
18031
18032
18033
18034
18035
18036
18037
18038
18039
18040
18041
18042
18052
18053
18054
18055
18056
18057
18199
18200
18201
18203
18205
18229
18230
18231
18232
18233
18234
18235
18236
18237
18238
18239
18247
18248
18249
18250
18251
18252
18253
18254
18402
18403
18404
18405
18406
18407
18408
18409
18430
18431
18432
18433
18434
18435
18436
18437
18438
18439
18440
18441
18442
18443
18453
18454
18455
18456
18457
18458
18459
18460
18461
18578
18596
18597
18598
18599
18600
18622
18623
18624
18625
18626
18627
18628
18629
18630
18631
18638
18639
18640
18641
18642
18643
18767
18788
18789
18790
18791
18792
18793
18794
18795
18817
18818
18819
18820
18821
18822
18823
18824
18825
18826
18830
18831
18832
18936
18960
18961
18962
18963
18964
18965
18966
18967
18968
18969
18970
18990
18991
18992
18993
18994
18995
18996
18997
18998
18999
19103
19106
19127
19128
19129
19130
19131
19132
19133
19134
19135
19136
19137
19138
19139
19156
19157
19158
19159
19160
19161
19162
19163
19164
19165
19166
19274
19275
19277
19278
19297
19298
19299
19300
19301
19302
19303
19304
19305
19306
19307
19308
19309
19322
19323
19324
19325
19326
19327
19328
19329
19330
19439
19441
19443
19445
19454
19455
19456
19457
19458
19459
19460
19461
19476
19477
19478
19479
19480
19481
19482
19483
19484
19485
19486
19487
19488
19501
19502
19503
19504
19505
19506
19610
19611
19612
19613
19614
19617
19625
19626
19627
19628
19629
19630
19631
19632
19633
19634
19635
19651
19652
19653
19654
19655
19656
19657
19658
19659
19660
19661
19662
19663
19677
19678
19679
19680
19681
19778
19790
19791
19792
19793
19794
19797
19805
19806
19807
19808
19809
19810
19811
19812
19813
19814
19815
19831
19832
19833
19834
19835
19836
19837
19838
19839
19840
19841
19842
19843
19857
19858
19859
19860
19861
19947
19959
19960
19961
19962
19963
19966
19974
19975
19976
19977
19978
19979
19980
19981
19982
19983
19984
20000
20001
20002
20003
20004
20005
20006
20007
20008
20009
20010
20011
20024
20025
20026
20114
20129
20130
20131
20132
20133
20134
20135
20136
20141
20142
20143
20144
20145
20146
20147
20148
20149
20150
20151
20152
20153
20172
20173
20174
20175
20176
20177
20178
20179
20273
20274
20275
20287
20288
20289
20290
20291
20292
20293
20294
20295
20296
20297
20313
20314
20315
20316
20317
20318
20319
20320
20321
20322
20323
20324
20325
20326
20327
20328
20342
20343
20344
20345
20346
20347
20348
20349
20447
20448
20449
20451
20461
20462
20463
20464
20465
20466
20467
20468
20469
20470
20471
20487
20488
20489
20490
20491
20492
20493
20494
20495
20496
20497
20498
20499
20500
20501
20502
20516
20517
20518
20519
20520
20521
20522
20523
20617
20618
20619
20621
20623
20628
20629
20630
20631
20632
20633
20634
20635
20636
20637
20638
20657
20658
20659
20660
20661
20662
20663
20664
20665
20666
20667
20668
20669
20670
20671
20672
20688
20689
20690
20691
20692
20693
20788
20789
20790
20791
20792
20800
20801
20802
20803
20804
20805
20806
20807
20808
20809
20810
20831
20832
20833
20834
20835
20836
20837
20838
20839
20840
20841
20842
20843
20844
20845
20861
20862
20863
20864
20865
20866
20867
20868
20869
20967
20969
20979
20980
20981
20982
20983
20984
20985
20986
21011
21012
21013
21014
21015
21016
21017
21018
21019
21020
21021
21022
21023
21031
21032
21033
21034
21035
21036
21037
21038
21135
21163
21164
21165
21166
21167
21170
21181
21182
21183
21184
21185
21186
21187
21188
21189
21190
21191
21192
21197
21198
21199
21200
21201
21312
21315
21327
21328
21329
21330
21331
21332
21333
21340
21341
21342
21343
21344
21345
21346
21347
21348
21349
21350
21351
21352
21353
21354
21355
21356
21455
21470
21471
21472
21473
21474
21486
21487
21488
21489
21490
21491
21492
21493
21494
21495
21496
21497
21498
21499
21500
21501
21502
21503
21504
21505
21506
21507
21508
21509
21510
21623
21628
21629
21630
21631
21632
21633
21634
21635
21636
21637
21638
21639
21640
21641
21754
21756
21758
21762
21763
