1337
1338
1339
1340
1341
1342
1343
1345
1346
1347
1348
1349
1350
1351
1352
1353
1354
1355
1356
1357
1358
1361
1364
1365
1366
1367
1368
1369
1370
1371
1380
1381
1382
1383
1384
1385
1386
1387
1394
1396
1397
1398
1399
1400
1401
1402
1403
1405
1409
1410
1412
1413
1414
1415
1416
1417
1418
1419
1420
1421
1425
1426
1427
1428
1429
1430
1431
1432
1433
1434
1435
1436
1437
1440
1441
1442
1443
1444
1445
1446
1447
1448
1449
1450
1451
1452
1453
1454
1455
1471
1472
1474
1475
1476
1477
1478
1479
1480
1501
1502
1503
1504
1505
1506
1507
1524
1525
1634
1635
1636
1637
1638
1639
1640
1641
1657
1658
1659
1660
1661
1662
1663
1664
1665
1666
1668
1676
1677
1678
1680
1681
1682
1683
1684
1685
1686
1688
1690
1691
1693
1694
1695
1696
1697
1698
1699
1700
1701
1702
1703
1704
1705
1706
1708
1709
1710
1711
1712
1713
1714
1715
1716
1717
1718
1719
1720
1721
1722
1723
1724
1725
1726
1727
1728
1734
1735
1736
1737
1738
1739
1740
1741
1742
1743
1744
1745
1746
1747
1748
1749
1750
1761
1762
1763
1764
1765
1766
1767
1768
1769
1770
1771
1772
1773
1774
1775
1776
1777
1778
1780
1794
1796
1797
1798
1799
1800
1801
1802
1803
1804
1805
1806
1807
1808
1809
1823
1824
1825
1980
1981
1982
1983
1984
1997
1998
1999
2000
2001
2002
2003
2011
2014
2019
2020
2021
2022
2023
2024
2025
2035
2036
2037
2038
2039
2040
2041
2042
2043
2044
2045
2046
2047
2048
2049
2050
2052
2063
2064
2065
2066
2067
2068
2069
2070
2071
2072
2073
2074
2075
2076
2077
2078
2079
2091
2092
2093
2094
2095
2096
2097
2098
2099
2100
2101
2102
2103
2104
2105
2106
2119
2120
2121
2122
2123
2124
2125
2126
2127
2128
2129
2130
2131
2132
2133
2134
2145
2147
2148
2149
2150
2151
2152
2153
2154
2155
2156
2157
2158
2159
2160
2161
2162
2180
2181
2182
2183
2184
2185
2186
2187
2188
2189
2190
2191
2192
2193
2210
2211
2212
2213
2395
2396
2397
2400
2401
2402
2409
2410
2411
2412
2413
2414
2415
2416
2425
2426
2427
2428
2429
2430
2431
2446
2447
6971
6972
6974
7264
7265
7266
7267
7268
7269
7270
7271
7272
7274
7284
7285
7286
7287
7293
7294
7547
7548
7549
7550
7551
7552
7553
7554
7571
7572
7573
7574
7575
7576
7577
7578
7579
7580
7592
7593
7594
7595
7596
7597
7598
7599
7600
7601
7602
7603
7604
7605
7606
7607
7615
7616
7617
7618
7619
7620
7621
7622
7623
7624
7625
7626
7638
7639
7640
7641
7642
7643
7644
7645
7646
7647
7657
7658
7659
7660
7661
7662
7663
7664
7665
7666
7667
7668
7673
7674
7675
7676
7677
7678
7692
7693
7694
7695
7696
7697
7699
7705
7874
7875
7876
7877
7878
7879
7880
7881
7882
7883
7884
7885
7886
7887
7888
7890
7899
7900
7901
7902
7903
7904
7905
7906
7907
7908
7909
7916
7917
7918
7919
7920
7921
7922
7923
7926
7927
7928
7929
7930
7931
7932
7933
7934
7935
7936
7937
7938
7939
7943
7944
7945
7946
7947
7948
7949
7950
7951
7953
7961
7962
7963
7964
7965
7966
7967
7968
7969
7970
7971
7972
7984
7986
7987
7988
7989
7990
7991
7992
7993
7994
7995
7998
8010
8011
8012
8072
8082
8156
8157
8158
8159
8160
8180
8181
8182
8183
8184
8185
8186
8187
8188
8189
8190
8205
8206
8207
8208
8209
8210
8211
8212
8213
8214
8215
8216
8217
8218
8220
8230
8231
8232
8233
8234
8235
8236
8237
8238
8239
8240
8241
8242
8243
8244
8246
8247
8248
8249
8250
8251
8252
8253
8254
8255
8256
8257
8258
8259
8260
8261
8262
8263
8264
8265
8266
8267
8270
8272
8273
8274
8275
8276
8277
8278
8279
8280
8281
8282
8283
8292
8293
8294
8295
8296
8297
8298
8299
8300
8301
8302
8303
8304
8305
8313
8314
8315
8316
8317
8318
8319
8320
8321
8322
8323
8324
8325
8326
8328
8335
8336
8337
8338
8339
8340
8341
8342
8343
8344
8345
8346
8347
8348
8355
8357
8358
8359
8360
8361
8362
8363
8364
8365
8366
8367
8368
8369
8384
8385
8386
8387
8388
8389
8390
8391
8392
8393
8394
8395
8396
8397
8398
8411
8412
8413
8414
8415
8416
8417
8418
8419
8420
8421
8422
8423
8424
8425
8426
8436
8438
8439
8440
8441
8442
8443
8444
8445
8446
8447
8448
8449
8460
8461
8462
8463
8464
8465
8466
8467
8468
8469
8470
8471
8472
8473
8478
8479
8480
8481
8482
8483
8484
8485
8486
8487
8488
8489
8490
8491
8492
8493
8494
8495
8496
8497
8498
8499
8500
8501
