1511
1512
1513
1514
1515
1516
1517
1518
1519
1520
1521
1522
1523
1524
1525
1527
1528
1529
1530
1531
1532
1533
1541
1542
1544
1545
1546
1547
1548
1549
1556
1557
1558
1560
1561
1562
1563
1564
1565
1576
1577
1578
1579
1580
1581
1582
1583
1595
1596
1597
1598
1599
1600
1601
1602
1615
1616
1617
1618
1619
1620
1621
1622
1632
1635
1638
1643
1644
1645
1646
1647
1648
1649
1650
1651
1652
1656
1657
1658
1659
1660
1661
1662
1663
1664
1665
1671
1672
1674
1675
1676
1677
1678
1679
1680
1687
1688
1690
1691
1692
1693
1694
1695
1707
1708
1709
1710
1711
1712
1713
1714
1725
1726
1819
1820
1821
1822
1823
1824
1825
1826
1827
1832
1833
1834
1835
1836
1837
1838
1839
1840
1841
1847
1848
1850
1851
1852
1853
1854
1855
1856
1857
1867
1868
1869
1870
2011
2012
2013
2014
2015
2016
2017
2018
2019
2024
2025
2026
2027
2028
2029
2030
2031
2032
2033
2039
2040
2042
2043
2235
2236
2237
2238
2239
2240
2241
2242
2243
2244
2245
2247
2252
2253
2254
2255
2256
2257
2258
2259
2260
2261
2262
2263
2269
2271
2272
2273
2274
2275
2276
2277
2278
2279
2280
2281
2282
2291
2292
2293
2294
2295
2296
2519
2520
2521
2522
2523
2524
2525
2526
2527
2528
2531
2532
2533
2534
2535
2536
2537
2538
2539
2540
2541
2549
2550
2551
2552
2553
2554
2555
2556
2557
2558
2559
2569
2570
2571
2572
2573
2574
2575
2576
2577
2578
2592
2593
2594
2605
2606
2801
2802
2803
2804
2805
2806
2807
2808
2809
2810
2813
2814
2815
2816
2817
2818
2819
2820
2821
2822
2823
2824
2829
2831
2832
2833
2834
2835
2836
2847
2848
3053
3054
3055
3056
3057
3058
3059
3060
3061
3062
3063
3065
3066
3067
3075
3076
3077
3079
3080
3081
3082
3083
3084
3099
3100
3101
3309
3310
4305
4313
4315
4317
4528
4529
4530
4531
4532
4533
4534
4535
4536
4537
4538
4539
4541
4542
4765
4766
4767
4768
4769
4770
4771
4772
4773
4774
4775
4777
4782
4783
4784
4785
4786
4787
4788
4789
4790
4991
4992
4993
4994
4995
4996
5000
5010
5011
5012
5013
5014
5015
5016
5017
5018
5019
5020
5021
5022
5025
5026
5027
5028
5029
5030
5031
5032
5033
5034
5035
5036
5037
5038
5039
5213
5214
5215
5233
5234
5235
5236
5237
5238
5239
5250
5251
5252
5253
5254
5255
5256
5257
5258
5259
5260
5262
5271
5272
5273
5274
5275
5276
5277
5278
5279
5280
5281
5282
5291
5292
5293
5294
5295
5296
5297
5298
5299
5300
5301
5302
5305
5306
5307
5308
5309
5310
5311
5312
5313
5314
5315
5478
5479
5480
5481
5484
5496
5497
5498
5499
5500
5501
5502
5503
5504
5505
5506
5507
5508
5509
5522
5523
5524
5525
5526
5527
5528
5529
5530
5531
5541
5542
5543
5544
5545
5546
5547
5548
5549
5552
5553
5554
5555
5556
5557
5661
5696
5697
5700
5715
5716
5717
5718
5719
5720
5721
5722
5723
5724
5741
5742
5743
5744
5745
5746
5747
5752
5753
5754
5755
5756
5757
5758
5759
5760
5761
5775
5776
5777
5778
5779
5780
5781
5782
5783
5789
5790
5791
5792
5793
5794
5797
5798
5809
5810
5843
5844
5845
5846
5863
5864
5865
5866
5868
5869
5883
5884
5885
5886
5887
5888
5889
5890
5891
5892
5893
5907
5908
5909
5910
5911
5912
5914
5925
5926
5927
5928
5929
5930
5931
5932
5933
5934
5939
5940
5941
5942
5943
5944
5945
5946
5947
5948
5950
5951
5952
5953
5954
5955
5956
5957
5958
5959
5960
5961
5962
5963
5964
5965
5966
5967
5968
5969
5970
5971
5972
5973
5974
5975
5976
5977
5978
5979
5980
5981
5982
5983
5984
5985
5986
5987
5988
5989
5990
5991
5992
5993
5994
5995
5996
5998
5999
6000
6001
6002
6003
6004
6005
6006
6007
6008
6009
6010
6011
