3155
3156
3157
3158
3159
3160
3167
3168
3169
3170
3171
3172
3179
3181
3182
3183
3184
3185
3186
3187
3194
3195
3196
3197
3198
3199
3200
3201
3202
3211
3212
3213
3214
3215
3216
3217
3226
3227
3228
3229
3230
3231
3232
3233
3234
3235
3242
3243
3244
3245
3246
3247
3248
3249
3250
3251
3258
3259
3260
3261
3262
3263
3264
3265
3273
3274
3275
3279
3280
3281
3282
3283
3284
3285
3286
3287
3291
3292
3293
3294
3295
3296
3297
3298
3303
3304
3305
3306
3307
3308
3309
3310
3315
3316
3317
3318
3319
3320
3321
3322
3327
3328
3329
3330
3331
3332
3333
3339
3340
3341
3342
3343
3344
3345
3346
3347
3355
3356
3358
3359
3365
3432
3434
3444
3446
3447
3448
3465
3466
3467
3468
3469
3470
3471
3472
3473
3474
3475
3476
3477
3478
3479
3480
3481
3483
3484
3485
3486
3487
3488
3489
3490
3491
3492
3495
3496
3497
3498
3499
3500
3501
3502
3503
3504
3512
3513
3514
3515
3516
3517
3518
3519
3520
3521
3528
3529
3530
3531
3532
3533
3534
3535
3536
3537
3544
3545
3546
3547
3548
3549
3550
3551
3552
3560
3561
3562
3563
3564
3565
3566
3567
3576
3577
3578
3580
3581
3582
3583
3592
3595
3604
3605
3616
3617
3755
3756
3757
3758
3759
3760
3761
3762
3763
3764
3765
3766
3767
3768
3775
3776
3777
3778
3779
3780
3787
3788
3789
3790
3791
3792
3793
3794
3795
3802
3803
3804
3805
3806
3807
3815
3816
3826
3827
3828
3829
3838
3839
3840
3841
3848
3855
3867
3868
3879
4099
4111
4112
4120
4121
4122
4123
4124
4130
4131
4133
4139
5930
5931
5932
5933
5934
5941
5943
5944
6244
6254
6255
6269
6271
6272
6273
6274
6279
6280
6281
6282
6283
6284
6285
6287
6503
6511
6512
6518
6520
6521
6526
6528
6529
6539
6541
6551
6553
6554
6563
6564
6565
6566
6567
6568
6569
6579
6580
6581
6582
6583
6584
6585
6586
6587
6588
6597
6598
6599
6600
6601
6604
6736
6748
6749
6760
6761
6770
6771
6772
6781
6783
6793
6794
6795
6804
6805
6806
6807
6816
6817
6818
6819
6820
6821
6822
6823
6831
6832
6833
6834
6835
6836
6837
6838
6839
6840
6847
6848
6849
6850
6851
6852
6853
6854
6855
6856
6865
6866
6867
6868
6869
6870
6871
6872
6878
6879
6880
6881
6882
6883
6884
6885
6891
6892
6893
6894
6895
6896
6897
6902
6903
6904
6905
6906
6908
6932
6935
6936
6956
6967
6972
6973
6997
7009
7019
7021
7022
7031
7032
7033
7034
7043
7044
7045
7055
7056
7057
7058
7059
7060
7061
7062
7063
7064
7065
7066
7073
7074
7075
7076
7077
7078
7079
7080
7081
7082
7088
7089
7090
7091
7092
7093
7094
7095
7100
7102
7103
7104
7105
7106
7107
7113
7114
7115
7116
7117
7118
7119
7124
7125
7126
7127
7128
7129
7130
7131
7134
7135
7136
7137
7141
7142
7143
7144
7153
7154
7155
7156
7157
7158
7169
7170
7171
7172
7173
7174
7182
7184
7185
7186
7187
7188
7189
7190
7201
7202
7203
7204
7205
7206
7216
7217
7218
7219
7220
7221
7222
7231
7232
7233
7234
7235
7236
7237
7238
7247
7248
7249
7250
7251
7252
7253
7254
7261
7262
7263
7264
7265
7266
7267
7268
7269
7270
7277
7278
7279
7280
7281
7282
7283
7284
7285
7286
7288
7289
7290
