7665
7666
7848
7849
7850
7851
7852
7853
7854
7855
7856
7857
7858
7859
7860
7861
7862
7863
7864
7865
7866
7867
7868
7871
7872
7876
7877
7878
7879
7880
7881
7882
7883
7884
7885
7890
7891
7892
7893
7894
7895
7896
7897
7898
7899
7900
7901
7902
7903
7904
7905
7906
7907
7908
7909
7910
7911
7912
7913
7914
7915
7916
7917
7918
7919
7920
7921
7926
7927
7928
7929
7930
7931
7932
7933
7934
7935
7936
7937
7938
7939
7940
7941
7942
7943
7944
7945
7946
7947
7948
7949
7950
7951
7952
7953
7954
7955
7956
7957
7962
7963
7964
7965
7966
7967
7968
7969
7970
7971
7972
7973
7974
7975
7976
7977
7978
7979
7980
7981
7982
7983
7984
7985
7986
7987
7988
7989
7990
7991
7992
7993
7998
7999
8000
8001
8002
8003
8004
8005
8006
8007
8008
8009
8010
8011
8012
8013
8014
8015
8016
8017
8018
8019
8020
8021
8022
8023
8024
8025
8027
8028
8029
8035
8036
8060
8076
8077
8078
8079
8080
8081
8082
8085
8086
8087
8102
8103
8104
8105
8106
8107
8109
8111
8112
8113
8114
8127
8397
8399
8400
8401
8402
8403
8404
8405
8407
8408
8409
8410
8411
8415
8419
8420
8421
8422
8423
8424
8425
8426
8428
8429
8430
8431
8432
8433
8434
8435
8436
8437
8438
8439
8440
8441
8442
8443
8444
8445
8446
8447
8448
8449
8450
8451
8452
8453
8454
8455
8456
8457
8458
8459
8460
8461
8462
8463
8464
8465
8466
8467
8468
8469
8470
8471
8472
8473
8474
8475
8476
8477
8478
8479
8480
8481
8482
8483
8484
8485
8486
8487
8488
8490
8491
8492
8493
8494
8495
8496
8497
8498
8499
8500
8501
8502
8503
8504
8505
8506
8507
8508
8509
8510
8511
8512
8513
8514
8515
8516
8517
8518
8519
8520
8521
8526
8527
8528
8529
8530
8531
8532
8533
8534
8535
8536
8537
8538
8539
8540
8541
8542
8543
8544
8545
8546
8547
8548
8549
8550
8551
8552
8553
8554
8555
8556
8557
8562
8563
8564
8565
8566
8567
8568
8569
8570
8571
8572
8573
8574
8575
8576
8577
8578
8579
8580
8581
8582
8583
8584
8585
8586
8587
8588
8590
8591
8599
8600
8601
8602
8603
8604
8605
8606
8607
8608
8609
8610
8611
8612
8613
8614
8615
8616
8617
8618
8619
8620
8621
8622
8623
8624
8627
8628
8635
8636
8637
8638
8639
8640
8641
8642
8643
8644
8645
8646
8647
8648
8649
8650
8651
8652
8653
8654
8655
8656
8657
8658
8659
8660
8671
8672
8673
8674
8675
8676
8677
8678
8679
8680
8681
8682
8683
8684
8685
8686
8687
8688
8690
8691
8707
8708
8709
8710
8711
8712
8713
8714
8715
8716
8717
8718
8719
8720
8721
8733
8734
8735
8736
8737
8738
8739
8748
8749
8750
8751
8752
8753
8754
8763
8764
8765
8766
8767
8768
8769
8770
8779
8780
8781
8782
8783
8784
8785
8786
8795
8796
8797
8798
8799
8800
8801
8802
8830
8831
8841
8842
8843
8844
8845
8846
8847
8857
8858
8859
8860
8861
8862
8863
8864
8873
8874
8875
8876
8877
8880
9206
9209
9210
9225
9226
9227
9230
9231
9232
9233
9234
9235
9236
9237
9238
9239
9240
9241
9242
9243
9244
9245
9246
9247
9248
9249
9250
9251
9252
9253
9254
9255
9256
9257
9258
9259
9260
9261
9262
9263
9264
9265
9266
9267
9268
9269
9270
9271
9272
9273
9274
9275
9276
9277
9278
9279
9280
9281
9282
9283
9284
9285
9286
9287
9288
9289
9290
9291
9292
9293
9294
9295
9296
9297
9298
9299
9300
9301
9302
9303
9304
9305
9306
9309
9310
9311
9312
9313
9314
9315
9316
9324
9325
9326
9327
9328
9329
9330
9339
9340
9341
9342
9343
9344
9345
9346
9353
9354
9355
9356
9357
9358
9359
9360
9369
9370
9371
9372
9373
9374
9375
9376
9385
9386
9387
9388
9389
9390
9391
9392
9401
9402
9403
9404
9405
9406
9407
9408
9417
9418
9419
9420
9421
9422
9423
9424
9433
9434
9435
9436
9437
9438
9439
9440
9449
9450
9451
9452
9453
9454
9455
9456
9465
9466
9467
9468
9469
9470
9471
9472
9481
9482
9483
9484
9485
9486
9487
9488
9497
9498
9499
9500
9501
9502
9503
9504
9505
9506
9521
9525
9526
9527
9540
9541
9542
9543
9560
9561
9562
9563
9564
9565
9566
9567
9568
9569
9570
9571
9573
9574
9575
9584
9585
9586
9587
9588
9589
9590
9591
9592
9593
9594
9595
9596
9597
9598
9599
9609
9610
9611
9612
9616
9825
9826
9827
9828
9830
9832
9833
9834
9836
9837
9838
9839
9840
9841
9842
9843
9844
9845
9846
9847
9848
9849
9850
9851
9852
9853
9854
9855
9856
9857
9858
9859
9860
9861
9862
9863
9864
9865
9866
9867
9868
9869
9870
9871
9872
9873
9874
9875
9876
9877
9878
9888
9889
9890
9891
9892
9893
9894
9895
9896
9897
9898
9899
9900
9901
9905
9906
9907
9914
9915
9916
9917
9918
9919
9920
9921
9922
9923
9925
9926
9934
9935
9936
9937
9938
9939
9940
9941
9942
9943
9945
9946
9952
9953
9954
9955
9956
9957
9958
9959
9960
9961
9962
9963
9964
9965
9966
9967
9968
9969
9970
9971
9972
9973
9974
9975
9976
9977
9978
9979
9980
9981
9982
9983
9984
9985
9986
9987
9988
9989
9990
9991
9992
9993
9994
9995
9996
9997
9998
9999
10000
10001
10002
10003
10004
10005
10006
10007
10008
10009
10010
10011
10012
10013
10014
10015
10016
10017
10018
10019
10020
10021
10022
10023
10024
10025
10026
10027
10028
10029
10030
10031
10032
10033
10034
10035
10036
10037
10038
10039
10040
10041
10042
10043
10044
10045
10046
10047
10048
10049
10050
10051
10052
10053
10054
10055
10056
10057
10058
10059
10060
10061
10062
10063
10064
10065
10066
10067
10068
10069
10072
10111
10114
10272
10273
10276
10277
10279
10280
10286
10287
10288
10289
10290
10293
10294
10295
10296
10297
10302
10303
10305
10306
10307
10310
10311
10313
10314
10315
10316
10317
10319
10320
10322
10326
10327
10821
10823
10825
10826
10897
10898
10899
10900
10904
10905
10907
10909
10911
10912
10920
10938
10939
10940
10941
10942
10943
10944
10945
10946
10947
10967
10968
10969
10970
10971
11147
11148
11149
11150
11154
11155
11157
11168
11171
11172
11177
11180
11181
11183
11184
11185
11186
11187
11188
11189
11194
11195
11198
11199
11200
11201
11202
11203
11204
11205
11206
11207
11208
11209
11210
11213
11230
11231
11234
11235
11236
11237
11238
11239
11240
11241
11242
11243
11244
11246
11250
11251
11252
11269
11270
11273
11274
11275
11276
11277
11278
11279
11280
11281
11282
11283
11284
11285
11309
11310
11311
11312
11313
11314
11315
11316
11317
11318
11319
11320
11321
11322
11323
11326
11341
11342
11343
11344
11345
11346
11347
11348
11349
11350
11351
11357
11361
11397
11399
11418
11419
11420
11421
11422
11423
11424
11429
11430
11431
11432
11433
11434
11435
11436
11439
11441
11442
11443
11447
11693
11701
11724
11726
11727
11728
11729
11730
11731
11732
11733
11734
11735
11736
11737
11742
11743
11744
11745
11746
11747
11748
11749
11752
11765
11766
11767
11768
11769
11770
11771
11772
11773
11774
11775
11776
11777
11778
11779
11780
11781
11782
11783
11784
11785
11786
11787
11788
11789
11790
11791
11792
11793
11794
11797
11803
11804
11806
11807
11808
11809
11810
11811
11812
11813
11814
11815
11816
11817
11818
11819
11820
11821
11822
11823
11824
11825
11826
11827
11828
11829
11830
11831
11832
11833
11834
11835
11836
11837
11838
11839
11842
11848
11849
11851
11852
11853
11854
11855
11856
11857
11858
11859
11860
11861
11862
11863
11864
11865
11866
11867
11868
11869
11870
11871
11872
11873
11874
11875
11876
11877
11878
11879
11880
11881
11882
11883
11884
11887
11893
11894
11896
11897
11898
11899
11900
11901
11902
11903
11904
11905
11906
11907
11908
11909
11910
11911
11912
11913
11914
11915
11916
11917
11918
11919
11920
11921
11922
11923
11924
11925
11926
11927
11928
11931
11937
11938
11940
11941
11942
11943
11944
11945
11946
11947
11948
11949
11950
11951
11952
11953
11954
11955
11956
11957
11958
11959
11960
11961
11962
11963
11964
11965
11966
11967
11968
11969
11970
11971
11972
11975
11981
11982
11984
11985
11986
11987
11988
11989
11990
11991
11992
11993
11994
11995
11996
11997
11998
11999
12000
12001
12002
12003
12004
12005
12006
12007
12008
12009
12010
12011
12012
12013
12016
12022
12030
12033
12034
12037
12038
12039
12040
12041
12042
12043
12044
12045
12046
12047
12048
12049
12052
12065
12067
12068
12069
12070
12071
12072
12073
12074
12075
12076
12077
12078
12079
12080
12081
12082
12083
12084
12085
12088
12094
12095
12097
12098
12099
12100
12101
12102
12103
12104
12105
12106
12107
12108
12109
12110
12111
12112
12113
12114
12115
12116
12117
12118
12119
12120
12121
12122
12125
12131
12132
12134
12135
12136
12137
12138
12139
12140
12141
12142
12143
12144
12145
12146
12147
12148
12149
12150
12151
12152
12153
12154
12155
12156
12157
12159
12162
12163
12164
12165
12166
12167
12168
12169
12170
12171
12172
12173
12174
12175
12176
12177
12178
12179
12180
12181
12182
12183
12184
12185
12186
12187
12188
12189
12190
12191
12192
12193
12194
12195
12196
12197
12198
12199
12200
12201
12202
12203
12204
12205
12206
12207
12208
12209
12210
12211
12212
12213
12214
12215
12216
12217
12218
12219
12220
12221
12222
12223
12224
12225
12226
12227
12228
12229
12230
12231
12232
12233
12234
12235
12236
12237
12238
12239
12240
12241
12242
12243
12244
12245
12246
12247
12248
12249
12250
12252
12253
12255
12256
12259
12260
12261
12262
12263
12264
12265
12266
12267
12268
12269
12281
12304
12305
12315
12316
12317
12318
12319
12320
12321
12322
12330
12331
12332
12333
12334
12335
12336
12337
12340
12341
12342
12343
12344
12345
12347
12348
12349
12351
12356
12357
12620
12625
12626
12627
12628
12630
12631
12632
12633
12634
12635
12636
12637
12638
12639
12640
12641
12642
12643
12644
12645
12646
12647
12648
12649
12650
12651
12652
12653
12654
12655
12656
12657
12658
12659
12660
12661
12662
12663
12664
12665
12666
12667
12668
12669
12670
12671
12672
12673
12674
12675
12676
12677
12678
12679
12680
12681
12682
12683
12684
12685
12686
12687
12688
12689
12690
12691
12692
12693
12694
12695
12696
12697
12698
12699
12700
12701
12702
12703
12704
12705
12706
12707
12708
12709
12710
12711
12712
12713
12714
12715
12716
12717
12718
12719
12720
12721
12722
12723
12724
12725
12726
12727
12728
12729
12730
12731
12732
12733
12734
12735
12736
12737
12738
12739
12740
12741
12742
12743
12744
12745
12746
12747
12748
12749
12750
12751
12752
12753
12754
12755
12756
12757
12758
12759
12760
12761
12762
12763
12764
12765
12766
12767
12768
12769
12770
12771
12772
12773
12774
12775
12776
12777
12778
12779
12780
12781
12782
12783
12784
12785
12786
12787
12788
12789
12790
12791
12792
12793
12794
12795
12796
12797
12798
12799
12800
12801
12802
12803
12804
12805
12806
12807
12808
12809
12810
12811
12812
12813
12814
12815
12816
12817
12818
12819
12820
12821
12822
12823
12824
12825
12826
12827
12828
12829
12830
12831
12832
12833
12834
12835
12836
12837
12838
12839
12840
12841
12842
12843
12844
12845
12846
12847
12848
12849
12850
12851
12852
12853
12854
12855
12856
12857
12858
12859
12860
12861
12862
12863
12864
12865
12866
12867
12868
12869
12870
12871
12872
12873
12874
12875
12876
12877
12878
12879
12880
12881
12882
12883
12884
12885
12886
12887
12888
12889
12890
12891
12892
12893
12894
12895
12896
12897
12898
12899
12900
12901
12902
12903
12904
12905
12906
12907
12908
12909
12910
12911
12912
12913
12914
12915
12916
12917
12918
12919
12920
12921
12922
12923
12924
12925
12926
12927
12928
12929
12930
12931
12932
12933
12934
12935
12936
12937
12938
12939
12940
12941
12942
12943
12944
12945
12946
12947
12948
12949
12950
12951
12952
12953
12954
12955
12956
12957
12958
12959
12960
12961
12962
12963
12964
12965
12966
12967
12968
12969
12970
12971
12972
12973
12974
12975
12976
12977
12978
12979
12980
13009
13010
13014
13015
13017
13019
13020
13031
13032
13033
13034
13035
13036
13037
13038
13039
13040
13041
13042
13043
13044
13045
13047
13051
13054
13055
13056
13057
13058
13059
13060
13061
13065
13066
13069
13226
13227
13228
13229
13231
13232
13233
13234
13235
13236
13238
13239
13241
13242
13243
13244
13245
13246
13247
13248
13249
13250
13251
13252
13253
13255
13256
13257
13258
13259
13260
13261
13262
13263
13264
13266
13267
13268
13269
13270
13276
13277
13278
13279
13280
13281
13282
13283
13284
13285
13286
13287
13288
13289
13290
13291
13292
13293
13294
13295
13296
13297
13298
13299
13300
13301
13302
13303
13304
13305
13306
13307
13308
13309
13310
13311
13312
13313
13314
13315
13316
13317
13318
13319
13320
13321
13322
13323
13324
13325
13326
13327
13328
13329
13330
13331
13332
13333
13334
13335
13336
13337
13338
13339
13340
13341
13342
13343
13344
13345
13346
13347
13348
13349
13350
13351
13352
13353
13354
13355
13356
13357
13358
13359
13360
13361
13362
13363
13364
13365
13366
13367
13391
13392
13393
13394
13395
13396
13397
13398
13402
13403
13404
13405
13406
13407
13408
13409
13410
13411
13412
13413
13414
13415
13416
13417
13418
13419
13420
13421
13422
13423
13424
13561
13562
