2903
2905
2906
2908
2967
2968
2969
2970
2971
2972
2973
2974
2975
2976
2980
2981
2982
3041
3042
3043
3044
3045
3053
3054
3055
3056
3057
3058
3059
3060
3061
3062
3124
3125
3126
3127
3128
3129
3130
3131
3132
3133
3134
3135
3201
3202
3203
3204
3205
3206
3207
3208
3209
3210
3211
3212
3278
3279
3280
3281
3282
3283
3284
3285
3286
3287
3288
3289
3290
3291
3359
3360
3361
3362
3363
3364
3365
3366
3367
3368
3369
3370
3371
3372
3441
3442
3443
3444
3445
3446
3447
3448
3449
3450
3451
3452
3453
3454
3524
3525
3526
3527
3528
3529
3530
3531
3532
3533
3534
3535
3536
3537
3617
3618
3619
3620
3621
3622
3623
3624
3625
3626
3627
3628
3629
3630
3631
3634
3635
3636
3711
3712
3713
3714
3715
3716
3717
3718
3719
3722
3723
3724
3725
3726
3727
3728
3729
3730
3731
3732
3808
3811
3818
3819
3820
3821
3822
3823
3824
3825
3826
3827
3828
3829
3830
3831
3832
3915
3916
3917
3918
3919
3920
3921
3922
3923
3924
3925
3926
3927
3928
3929
3930
4012
4014
4015
4016
4017
4018
4019
4020
4021
4022
4023
4111
4112
4113
4114
4115
4116
4117
4118
4119
4203
4204
4205
4206
4207
4208
4209
4210
4211
4212
4213
4299
4300
4301
4302
4303
4304
4305
4306
4307
4308
4394
4395
4396
4397
4398
4399
4400
4401
4402
4480
4483
4484
4485
4486
4487
4488
4489
4490
4491
4492
4493
4494
4569
4570
4571
4572
4573
4574
4575
4576
4577
4578
4579
4580
4581
4582
4583
4584
4587
4588
4589
4659
4660
4661
4662
4663
4664
4665
4666
4667
4668
4669
4670
4671
4672
4745
4753
4754
4755
4756
4757
4758
4759
4760
4761
4762
4763
4764
4765
4831
4832
4833
4834
4835
4836
4837
4838
4839
4840
4841
4842
4843
4844
4845
4846
4847
4851
4852
4853
4913
4914
4915
4916
4917
4918
4919
4920
4921
4922
4923
4924
4925
4926
4978
4980
4981
4982
4983
4984
4985
4986
4987
4988
4989
4990
4991
4994
4995
4996
4997
4998
4999
5000
5071
5072
5073
5074
5075
5076
5077
5078
5079
5080
5082
5083
5154
5156
5157
5158
5159
5160
5161
5164
5165
5166
5167
5168
5169
5170
5171
5172
5173
5220
5222
5223
5224
5225
5226
5227
5228
5229
5230
5231
5232
5234
5235
5263
5264
5265
5275
5276
5277
5278
5279
5280
5281
5283
5353
5354
5355
5356
5357
5358
5359
5360
5361
5362
5363
5364
5366
5367
5425
5426
5427
5428
5429
5430
5431
5432
5433
5436
5438
5439
5440
5441
5442
5443
5521
5522
5523
5524
5525
5526
5527
5528
5529
5530
5531
5532
5536
5542
5599
5600
5602
5603
5604
5605
5606
5607
5608
5609
5611
5619
5664
5666
5667
5668
5669
5670
5671
5672
5673
5674
5675
5721
5722
5723
5724
5725
5726
5727
5728
5729
5730
5731
5732
5733
5734
5735
5736
5741
5742
5743
5785
5787
5788
5789
5790
5791
5792
5793
5794
5795
5796
5797
5798
5799
5800
5801
5802
5856
5858
5859
5860
5861
5862
5863
5864
5865
5866
5867
5868
5869
5870
5933
5934
5935
5936
5937
5938
5939
5940
5941
5942
6005
6006
6007
6008
6009
6010
6011
6012
6013
6078
6079
6080
6081
6082
6083
6084
6085
6150
6151
6152
6153
6154
6155
6156
6161
6162
6163
6164
6165
6229
6230
6231
6232
6233
6234
6235
6236
6237
6238
6243
6244
6245
6315
6317
6318
6319
6320
6321
6322
6323
6324
6325
6330
6397
6399
6400
6401
6402
6403
6404
6405
6406
6407
6408
6409
6411
6417
6485
6487
6488
6489
6490
6491
6492
6493
6494
6495
6496
6498
6569
6571
6572
6573
6574
6575
6576
6577
6578
6579
6580
6582
6653
6656
6657
6658
6659
6660
6661
6662
6663
6664
6666
6736
6737
6738
6739
6740
6741
6742
6743
6744
6745
6746
6747
6748
6814
6815
6816
6817
6818
6819
6820
6821
6822
6823
6824
6825
6826
6827
6895
6896
6897
6898
6899
6900
6901
6902
6903
6904
6905
6906
6907
6908
6910
6971
6974
6975
6976
6977
6978
6979
6980
6981
6982
6983
6984
6985
6986
6987
6988
6989
7054
7055
7056
7057
7058
7059
7060
7061
7062
7063
7064
7065
7066
7067
7068
7069
7122
7124
7125
7126
7127
7128
7129
7130
7131
7132
7133
7134
7135
7136
7137
7138
7140
7186
7187
7188
7189
7190
7191
7192
7193
7194
7195
7196
7197
7198
7199
7200
7202
7203
7210
7211
7252
7253
7254
7255
7256
7257
7258
7259
7260
7261
7262
7263
7274
7275
