44
45
49
50
101
102
103
104
105
106
107
108
109
110
111
119
120
121
179
180
181
182
183
184
185
186
187
256
257
258
259
260
261
262
263
274
275
352
353
354
355
356
357
430
431
432
433
434
435
436
437
439
446
515
516
517
518
519
520
521
522
523
525
601
602
603
604
605
606
607
608
609
611
688
689
690
691
692
693
694
695
696
783
784
785
786
787
788
789
790
877
878
879
880
881
882
883
884
885
967
968
969
970
971
972
973
982
983
984
1067
1068
1069
1070
1071
1072
1073
1074
1083
1084
1169
1170
1171
1172
1173
1174
1175
1176
1183
1185
1186
1265
1266
1267
1274
1275
1276
1277
1278
1279
1280
1361
1362
1363
1364
1365
1366
1367
1368
1449
1450
1451
1452
1453
1454
1455
1456
1539
1541
1542
1543
1544
1545
1546
1627
1628
1629
1630
1631
1632
1709
1710
1711
1712
1713
1714
1715
1716
1717
1718
1793
1795
1796
1797
1798
1799
1800
1875
1876
1877
1878
1879
1880
1954
1955
1956
1957
1958
1959
1960
1961
1962
2031
2032
2033
2034
2035
2036
2037
2038
2039
2040
2041
2042
2043
2113
2114
2115
2116
2117
2118
2119
2120
2121
2122
2123
2124
2125
2191
2193
2194
2195
2196
2197
2198
2199
2200
2201
2202
2275
2277
2278
2279
2280
2281
2282
2283
2284
2285
2286
2288
2289
2360
2362
2363
2364
2365
2366
2367
2374
2375
2376
2377
2378
2440
2441
2443
2486
2488
2489
2490
2491
4176
4177
4179
4180
4181
4183
4234
4235
4236
4237
4238
4239
4240
4241
4242
4243
4244
4286
4287
4288
4289
4290
4291
4292
4293
4294
4295
4296
4297
4298
4304
4305
4306
4352
4353
4354
4355
4356
4357
4358
4359
4360
4361
4362
4368
4416
4417
4418
4419
4420
4421
4422
4423
4425
4431
4432
4433
4434
4435
4436
4437
4438
4517
4518
4519
4520
4521
4522
4523
4524
4525
4526
4601
4602
4603
4604
4605
4606
4607
4608
4609
4610
4683
4685
4686
4687
4688
4689
4690
4691
4692
4694
4758
4759
4760
4761
4762
4763
4764
4765
4766
4767
4821
4822
4823
4824
4825
4826
4827
4828
4829
4830
4831
4833
4835
4837
4838
4839
4840
4841
4842
4843
4844
4845
4846
4907
4908
4909
4910
4911
4912
4913
4914
4915
4916
4917
4918
4919
4920
4921
4922
4924
4925
4926
4984
4985
4986
4987
4988
4989
4990
4991
4992
4994
4996
4997
4998
5057
5058
5059
5060
5063
5064
5065
5066
5067
5068
5069
5070
5127
5129
5130
5133
5137
5138
5139
5140
5141
5142
5143
5144
5200
5203
5204
5205
5213
5214
5215
5216
5217
5218
5219
5220
5221
5222
5223
5224
5225
5226
5293
5294
5295
5296
5297
5298
5299
5300
5301
5302
5303
5304
5305
5306
5307
5308
5375
5376
5377
5378
5379
5380
5381
5382
5383
5384
5385
5386
5387
5388
5389
5390
5461
5462
5463
5464
5465
5466
5467
5468
5469
5470
5471
5472
5473
5474
5475
5476
5545
5547
5548
5549
5550
5551
5552
5553
5554
5555
5556
5557
5558
5631
5632
5633
5634
5635
5636
5637
5638
5639
5640
5641
5642
5643
5644
5708
5709
5710
5711
5712
5713
5717
5719
5720
5721
5722
5723
5724
5725
5726
5727
5728
5729
5730
5795
5796
5797
5798
5799
5800
5801
5802
5803
5804
5805
5806
5807
5808
5809
5810
5812
5813
5814
5874
5875
5876
5877
5878
5879
5880
5881
5882
5883
5957
5958
5959
5960
5961
5962
5963
5964
5965
5966
5967
5968
5970
6033
6034
6035
6036
6037
6038
6039
6040
6041
6042
6043
6044
6045
6046
6047
6048
6101
6102
6103
6104
6105
6106
6107
6108
6109
6110
6111
6112
6113
6114
6115
6116
6123
6124
6125
6126
6175
6176
6177
6178
6179
6180
6181
6189
6190
6191
6192
6193
6194
6195
6196
6241
6243
6244
6245
6247
6249
6251
6257
6258
