1542
1543
1544
1545
1546
1547
1548
1549
1550
1551
1552
1553
1554
1555
1556
1557
1558
1567
1568
1569
1570
1571
1572
1573
1574
1575
1576
1577
1578
1587
1588
1589
1590
1591
1592
1593
1594
1595
1596
1597
1598
1599
1600
1601
1602
1603
1612
1613
1614
1615
1616
1617
1618
1619
1620
1621
1622
1623
1624
1625
1626
1627
1636
1637
1638
1639
1640
1641
1642
1643
1644
1645
1646
1647
1648
1649
1650
1651
1659
1660
1662
1663
1664
1665
1666
1667
1668
1669
1670
1671
1672
1673
1678
1679
1680
1681
1682
1683
1684
1685
1686
1687
1688
1689
1693
1694
1695
1697
1698
1699
1700
1701
1702
1703
1704
1706
1707
1708
1709
1710
1711
1712
1713
1714
1715
1716
1717
1731
1732
1733
1734
1735
1736
1737
1738
1739
1740
1741
1742
1744
1761
1762
1763
1764
1765
1766
1767
1768
1769
1770
1771
1772
1788
1789
1790
1791
1792
1793
1794
1795
1796
1797
1798
1810
1811
1812
1813
1814
1815
1816
1817
1818
1819
1820
1821
1834
1835
1836
1837
1838
1839
1840
1841
1842
1843
1858
1859
1860
1861
1862
1863
1864
1865
1866
1867
1880
1881
1882
1883
1884
1885
1886
1887
1888
1889
1890
1891
1904
1905
1906
1907
1908
1909
1910
1911
1912
1913
1914
1915
1917
1928
1929
1930
1931
1932
1933
1934
1935
1936
1937
1938
1939
1941
1951
1952
1953
1954
1955
1956
1957
1966
1967
1968
1969
1983
2059
2073
2074
2075
2076
2077
2078
2079
2080
2091
2092
2093
2094
2095
2096
2097
2098
2099
2108
2110
2111
2112
2114
2129
2130
2131
2132
2133
2134
2135
2142
2144
2145
2146
2147
2148
2149
2150
2151
2152
2153
2154
2155
2157
2170
2171
2172
2173
2174
2175
2176
2177
2178
2179
2180
2194
2195
2196
2197
2198
2199
2200
2201
2202
2203
2220
2221
2222
2223
2224
2225
2226
2227
2239
2240
2431
2433
2434
2435
2436
2437
2438
2443
2444
2445
2446
2447
2448
2449
2451
2461
2462
2463
2464
2465
2466
2467
2468
2469
2480
2481
2482
2740
4934
4937
4939
5278
5279
5280
5281
5282
5283
5284
5285
5286
5287
5288
5289
5291
5297
5298
5299
5654
5655
5656
5657
5658
5659
5660
5661
5662
5663
5664
5669
5670
5671
5672
5673
5674
5681
5683
5685
5686
5688
5689
5691
5692
5693
5694
5695
5696
5697
5698
5699
5700
5702
5970
5972
5973
5974
5975
5986
5987
5988
5989
5990
5991
5992
5993
5994
5995
5996
5998
6003
6005
6006
6007
6008
6009
6010
6011
6012
6013
6014
6015
6016
6017
6018
6019
6025
6026
6027
6028
6029
6031
6032
6033
6034
6035
6036
6037
6038
6039
6040
6044
6046
6048
6049
6050
6051
6052
6064
6065
6066
6067
6080
6081
6082
6083
6084
6085
6086
6102
6103
6104
6105
6346
6348
6349
6350
6351
6352
6353
6354
6355
6356
6357
6358
6359
6366
6367
6368
6369
6370
6371
6372
6373
6374
6375
6376
6377
6382
6383
6384
6385
6386
6387
6388
6389
6390
6392
6393
6394
6395
6396
6397
6398
6399
6400
6402
6403
6404
6405
6406
6407
6408
6409
6410
6411
6412
6418
6419
6420
6421
6422
6423
6424
6425
6426
6427
6429
6445
6446
6447
6448
6449
6450
6451
6452
6453
6454
6455
6473
6474
6475
6476
6477
6494
6495
6496
6497
6514
6516
6517
6539
6605
6620
6621
6622
6623
6624
6625
6626
6627
6642
6644
6645
6646
6647
6664
6666
6667
6684
6686
6687
6706
6725
6726
6727
6728
6729
6742
6743
6744
6745
6746
6747
6748
6749
6757
6758
6759
6760
6761
6762
6763
6764
6765
6766
6767
6773
6774
6775
6776
6777
6778
6779
6780
6781
6782
6785
6786
6787
6788
6789
6790
6791
6792
6793
6794
6795
6796
6797
6798
6799
6800
6801
6802
6803
6804
6805
6806
6807
6808
6809
6810
6811
6812
6813
6817
6818
6819
6820
6821
6822
6823
6824
6825
6826
6832
6833
6834
6835
6836
6837
6838
6839
6840
6841
6848
6849
6850
6851
6852
6853
6854
6855
6856
6857
6862
6863
6864
6865
6866
6867
6868
6869
6870
6871
6872
6873
6876
6877
6878
6879
6880
6881
6882
6883
6884
6885
6886
6887
6888
6889
6892
6893
6894
6895
6896
6897
6898
6899
6900
6901
6902
6905
6906
6907
6908
6909
6910
6911
6912
6913
6914
6917
6918
6919
6920
6921
6922
6923
6924
6925
6926
6929
6930
6931
6932
6933
6934
6935
6936
6937
6938
6940
6941
6942
6943
6944
6945
6946
6947
6948
6949
6950
6953
6954
6955
6956
6957
6958
6959
6962
6963
6964
6965
6966
6967
