1977689
1977730
1977762
1977773
1977848
1977859
1977902
1977906
1977913
1977996
1978029
1978735
1978744
1978775
1978776
1978785
1978826
1978827
1978836
1978881
1978928
1978936
1978945
1978984
1978985
1978994
1979033
1979034
1979043
1979082
1979083
1979092
1979130
1979134
1979141
1979172
1979207
1979214
1979245
1979252
1979283
1979290
1979320
1979324
1979331
1979370
1979389
1979396
1979434
1979438
1979445
1979483
1979487
1979494
1979533
1979559
1979570
1979600
1979604
1979611
1979658
1979685
1979686
1979690
1979697
1980028
1980113
1980124
1980187
1980194
1980225
1980232
1980255
1980262
1980300
1980304
1980311
1980350
1980357
1980388
1980395
1980426
1980433
1980464
1980471
1980502
1980509
1980539
1980543
1980550
1980580
1980584
1980591
1980634
1980657
1980664
1980695
1980702
1980732
1980736
1980743
1980786
1980801
1980808
1980839
1980846
1980877
1980878
1980887
1980910
1980937
1980964
1980971
1980994
1981037
1981044
1981075
1981325
1981332
1981333
1981342
1981408
1981409
1981418
1981466
1981467
1981476
1981499
1981526
1981553
1981560
1981583
1981590
1981629
1981636
1981667
1981674
1981705
1981712
1981743
1981750
1981781
1981788
1981811
1981818
1981833
1981854
1981861
1981876
1981903
1981930
1981937
1981968
1981975
1982012
1982019
1982034
1982058
1982072
1982079
1982112
1982119
1982134
1982157
1982193
1982200
1982242
1982249
1982329
1982336
1982378
1982681
1982692
1982699
1982749
1982756
1982800
1982825
1982832
1982863
1982870
1982912
1982919
1982953
1982960
1983013
1983020
1983062
1983069
1983111
1983118
1983171
1983178
1983265
1983325
1983332
1983385
1983392
1983438
1983678
1983722
1984513
2003621
2003683
2003690
2003756
2003842
2003906
2003913
2003995
2004002
2004084
2004234
2004241
2004326
2004333
2004340
2004406
2004413
2004480
2004487
2004552
2004559
2004608
2004615
2004680
2004687
2004744
2004751
2004804
2005151
2005178
2005185
2005192
2005231
2005238
2005265
2005276
2005295
2005324
2005335
2005362
2005373
2005404
2005411
2005444
2005472
2005483
2005502
2005513
2005540
2005551
2005578
2005589
2005616
2005627
2005646
2005657
2005692
2005703
2005730
2005741
2005760
2005771
2005798
2006198
2006244
2006251
2006282
2006305
2006306
2006335
2006346
2006373
2006384
2006412
2006439
2006450
2006477
2006488
2006507
2006528
2006535
2006542
2006583
2006590
2006609
2006620
2006647
2006658
2006685
2006696
2006723
2006734
2006753
2006764
2006791
2006802
2006829
2006840
2006859
2006870
2006897
2006908
2006936
2006943
2006978
2007084
2007091
2007098
2007356
2007395
2007418
2007425
2007432
2007467
2007474
2007481
2007508
2007515
2007522
2007562
2007569
2007596
2007607
2007634
2007645
2007672
2007699
2007710
2007737
2007748
2007780
2007804
2007819
2007853
2007864
2007883
2007894
2007921
2007932
2007959
2007970
2007997
2008008
2008027
2008038
2008065
2008076
2008097
2008108
2008127
2008138
2008165
2008176
2008204
2008220
2008227
2008234
2008287
2008294
2008371
2008378
2008385
2008644
2008675
2008698
2008713
2008720
2008758
2008769
2008799
2008810
2008837
2008848
2008875
2008890
2008913
2008983
2009024
2009157
2009209
2009224
2009258
2009269
2009296
2009307
2009334
2009345
2009375
2009386
2009413
2009424
2009452
2009463
2009482
2009493
2009525
2009567
2009585
2009600
2009618
2010051
2010066
2010106
2010121
2010161
2010216
2010669
2010724
2010779
2010823
2010933
2010988
