1959660
1959667
1959677
1959681
1959688
1959692
1959704
1959711
1959716
1959720
1959728
1959732
1959736
1959739
1959746
1959753
1959760
1959767
1959772
1959776
1959780
1959783
1959795
1959802
1959812
1959816
1959823
1959827
1959834
1959841
1959848
1959852
1959864
1959871
1959876
1959880
1959884
1959888
1959900
1959907
1959912
1959916
1959923
1959927
1959932
1959936
1959940
1959944
1959952
1959956
1959960
1959963
1959973
1959980
1959987
1959991
1959995
1960000
1960003
1960007
1960014
1960021
1960025
1960032
1960039
1960044
1960051
1960055
1960058
1960062
1960069
1960074
1960077
1960089
1960096
1960106
1960110
1960117
1960121
1960133
1960140
1960145
1960149
1960153
1960157
1960169
1960176
1960181
1960189
1960196
1960200
1960207
1960211
1960223
1960230
1960235
1960239
1960244
1960247
1960257
1960261
1960265
1960272
1960279
1960283
1960290
1960294
1960304
1960308
1960313
1960316
1960326
1960333
1960340
1960347
1960351
1960355
1960362
1960369
1960373
1960377
1960384
1960391
1960396
1960400
1960404
1960407
1960419
1960426
1960438
1960445
1960450
1960454
1960458
1960462
1960469
1960476
1960483
1960490
1960497
1960501
1960508
1960515
1960519
1960523
1960530
1960537
1960544
1960551
1960556
1960560
1960564
1960568
1960573
1960580
1960584
1960587
1960591
1960603
1960610
1960615
1960619
1960626
1960631
1960635
1960639
1960643
1960646
1960653
1960660
1960667
1960671
1960678
1960682
1960690
1960694
1960701
1960708
1960712
1960716
1960723
1960727
1960734
1960741
1960745
1960752
1960759
1960764
1960768
1960772
1960775
1960785
1960789
1960796
1960800
1960804
1960811
1960821
1960828
1960832
1960839
1960843
1960850
1960857
1960861
1960865
1960877
1960882
1960886
1960893
1960897
1960904
1960909
1960919
1960923
1960927
1960931
1960938
1960945
1960952
1960956
1960960
1960967
1960974
1960978
1960988
1960992
1960996
1961000
1961007
1961014
1961021
1961028
1961035
1961042
1961049
1961056
1961060
1961064
1961071
1961078
1961082
1961086
1961093
1961100
1961104
1961108
1961115
1961122
1961126
1961130
1961134
1961141
1961148
1961155
1961163
1961167
1961171
1961174
1961181
1961188
1961195
1961202
1961207
1961211
1961215
1961218
1961230
1961237
1961249
1961256
1961263
1961273
1961277
1961284
1961291
1961298
1961306
1961313
1961318
1961322
1961330
1961334
1961338
1961341
1961348
1961355
1961360
1961363
1961367
1961374
1961378
1961385
1961392
1961399
1961404
1961407
1961411
1961418
1961422
1961429
1961437
1961441
1961444
1961448
1961455
1961463
1961470
1961474
1961481
1961488
1961495
1961499
1961506
1961510
1961522
1961529
1961534
1961538
1961546
1961550
1961554
1961557
1961564
1961568
1961575
1961579
1961583
1961590
1961597
1961601
1961605
1961612
1961616
1961623
1961630
1961634
1961641
1961648
1961655
1961662
1961667
1961671
1961675
1961678
1961690
1961695
1961703
1961707
1961711
1961714
1961718
1961725
1961729
1961736
1961748
1961755
1961759
1961766
1961773
1961781
1961786
1961793
1961797
1961804
1961808
1961815
1961819
1961826
1961830
1961837
1961841
1961848
1961852
1961859
1961863
1961870
1961874
1961881
1961885
1961892
1961896
1961900
1961907
1961914
1961918
1961925
1961932
1961939
1961946
1961953
1961960
1961964
1961968
1961975
1961982
1961986
1961990
1961997
1962002
1962006
1962009
1962016
1962020
1962030
1962034
1962038
1962042
1962049
1962056
1962063
1962070
1962077
1962084
1962088
1962092
1962099
1962103
1962110
1962114
1962121
1962128
1962132
1962136
1962143
1962150
1962157
1962164
1962171
1962178
1962182
1962186
1962193
1962200
1962204
1962208
1962215
1962219
1962226
1962233
1962237
1962241
1962248
1962255
1962262
1962269
1962276
1962283
1962287
1962291
1962298
1962302
1962309
1962316
1962320
1962324
1962331
1962338
1962345
1962352
1962356
1962360
1962367
1962374
1962379
1962383
1962387
1962390
1962400
1962407
1962419
1962426
1962433
1962443
1962447
1962454
1962461
1962468
1962476
1962483
1962490
1962494
1962504
1962508
1962512
1962516
1962523
1962530
1962537
1962544
1962551
1962558
1962562
1962566
1962573
1962577
1962587
1962591
1962595
1962599
1962606
1962613
1962617
1962624
1962634
1962638
1962642
1962646
1962653
1962660
1962667
1962674
1962681
1962688
1962692
1962696
1962703
1962707
1962717
1962721
1962725
1962729
1962736
1962743
1962750
1962757
1962764
1962771
1962775
1962779
1962786
1962790
1962798
1962802
1962806
1962810
1962814
1962821
1962828
1962835
1962842
1962849
1962853
1962857
1962861
1962865
1962872
1962876
1962883
1962890
1962897
1962901
1962909
1962913
1962917
1962921
1962925
1962932
1962939
1962943
1962950
1962957
1962964
1962971
1962975
1962979
1962984
1962987
1962991
1962998
1963005
1963009
1963016
1963023
1963027
1963031
1963035
1963042
1963049
1963056
1963063
1963068
1963072
1963075
1963082
1963086
1963090
1963097
1963104
1963108
1963112
1963119
1963126
1963130
1963134
1963141
1963148
1963152
1963156
1963163
1963175
1963182
1963187
1963191
1963198
1963203
1963210
1963214
1963221
1963228
1963236
1963243
1963248
1963253
1963260
1963264
1963267
1963274
1963278
1963285
1963289
1963296
1963300
1963307
1963311
1963318
1963325
1963330
1963333
1963340
1963344
1963348
1963355
1963362
1963369
1963377
1963381
1963385
1963388
1963392
1963399
1963403
1963410
1963417
1963424
1963429
1963433
1963437
1963440
1963452
1963457
1963467
1963471
1963478
1963482
1963489
1963493
1963500
1963505
1963509
1963513
1963520
1963530
1963537
1963541
1963548
1963552
1963559
1963566
1963570
1963577
1963584
1963588
1963595
1963599
1963603
1963610
1963614
1963618
1963625
1963629
1963636
1963640
1963647
1963651
1963655
1963662
1963669
1963673
1963680
1963684
1963691
1963695
1963699
1963706
1963713
1963717
1963724
1963728
1963732
1963739
1963743
1963750
1963754
1963766
1963773
1963778
1963788
1963793
1963798
1963801
1963805
1963812
1963816
1963823
1963830
1963837
1963844
1963849
1963853
1963856
1963860
1963867
1963871
1963878
1963885
1963892
1963899
1963906
1963910
1963914
1963921
1963926
1963930
1963933
1963940
1963944
1963951
1963958
1963962
1963966
1963973
1963977
1963981
1963988
1963995
1963999
1964006
1964013
1964020
1964027
1964031
1964035
1964039
1964046
1964050
1964054
1964061
1964065
1964072
1964079
1964086
1964093
1964100
1964107
1964111
1964115
1964122
1964126
1964130
1964137
1964142
1964149
1964153
1964157
1964161
1964168
1964175
1964182
1964189
1964196
1964200
1964204
1964211
1964215
1964220
1964223
1964227
1964234
1964241
1964245
1964252
1964259
1964266
1964273
1964277
1964281
1964286
1964289
1964296
1964300
1964307
1964311
1964318
1964325
1964332
1964337
1964341
1964344
1964351
1964355
1964362
1964369
1964373
1964377
1964384
1964388
1964392
1964399
1964406
1964410
1964417
1964424
1964431
1964436
1964440
1964443
1964450
1964454
1964458
1964465
1964472
1964479
1964486
1964491
1964495
1964498
1964502
1964509
1964513
1964520
1964527
1964534
1964541
1964546
1964550
1964553
1964560
1964564
1964568
1964575
1964582
1964589
1964593
1964597
1964604
1964608
1964615
1964622
1964629
1964634
1964638
1964641
1964648
1964652
1964656
1964663
1964670
1964674
1964681
1964688
1964695
1964700
1964704
1964707
1964714
1964718
1964722
1964729
1964733
1964740
1964747
1964751
1964755
1964762
1964769
1964773
1964777
1964784
1964788
1964792
1964799
1964806
1964810
1964820
1964827
1964831
1964835
1964842
1964849
1964853
1964860
1964867
1964871
1964875
1964882
1964886
1964893
1964905
1964912
1964917
1964921
1964925
1964929
1964936
1964940
1964944
1964951
1964958
1964962
1964972
1964976
1964981
1964984
1964991
1964995
1965002
1965006
1965013
1965020
1965028
1965032
1965036
1965039
1965046
1965050
1965054
1965061
1965068
1965072
1965076
1965083
1965090
1965097
1965102
1965106
1965110
1965113
1965125
1965130
1965140
1965144
1965148
1965152
1965164
1965169
1965173
1965177
1965181
1965188
1965192
1965199
1965209
1965217
1965221
1965226
1965229
1965233
1965237
1965244
1965248
1965252
1965259
1965266
1965273
1965277
1965284
1965288
1965295
1965299
1965306
1965310
1965317
1965321
1965325
1965332
1965339
1965343
1965350
1965354
1965361
1965365
1965372
1965376
1965380
1965387
1965394
1965398
1965405
1965409
1965416
1965420
1965427
1965431
1965438
1965448
1965455
1965459
1965466
1965470
1965474
1965481
1965488
1965492
1965499
1965503
1965510
1965514
1965521
1965525
1965532
1965536
1965543
1965547
1965554
1965558
1965565
1965569
1965576
1965580
1965587
1965591
1965598
1965602
1965606
1965613
1965620
1965627
1965634
1965639
1965643
1965646
1965653
1965657
1965661
1965668
1965675
1965679
1965683
1965690
1965694
1965701
1965708
1965712
1965719
1965723
1965727
1965734
1965738
1965745
1965752
1965756
1965763
1965767
1965774
1965778
1965782
1965789
1965796
1965800
1965807
1965811
1965815
1965822
1965829
1965833
1965840
1965844
1965851
1965855
1965859
1965866
1965873
1965880
1965887
1965892
1965896
1965899
1965906
1965910
1965914
1965921
1965928
1965932
1965936
1965943
1965950
1965954
1965961
1965965
1965972
1965976
1965983
1965987
1965991
1965998
1966005
1966009
1966016
1966020
1966024
1966031
1966035
1966042
1966049
1966053
1966060
1966064
1966068
1966075
1966082
1966086
1966093
1966097
1966104
1966108
1966115
1966119
1966126
1966130
1966137
1966141
1966145
1966152
1966159
1966163
1966167
1966174
1966181
1966185
1966192
1966196
1966200
1966207
1966215
1966225
1966232
1966236
1966243
1966247
1966251
1966259
1966266
1966273
1966283
1966290
1966294
1966304
1966311
1966315
1966322
1966326
1966330
1966337
1966341
1966348
1966355
1966359
1966366
1966370
1966377
1966381
1966385
1966392
1966399
1966403
1966407
1966414
1966421
1966425
1966432
1966436
1966440
1966447
1966454
1966462
1966466
1966470
1966473
1966485
1966492
1966499
1966504
1966508
1966513
1966516
1966528
1966533
1966541
1966545
1966549
1966552
1966556
1966563
1966570
1966574
1966581
1966588
1966593
1966597
1966604
1966614
1966621
1966625
1966629
1966636
1966640
1966647
1966651
1966658
1966666
1966673
1966677
1966681
1966688
1966692
1966699
1966706
1966710
1966717
1966721
1966728
1966732
1966739
1966743
1966750
1966754
1966758
1966765
1966772
1966776
1966783
1966787
1966794
1966798
1966805
1966809
1966813
1966820
1966825
1966832
1966839
1966843
1966850
1966854
1966861
1966868
1966872
1966879
1966883
1966890
1966894
1966901
1966905
1966912
1966919
1966923
1966927
1966934
1966941
1966945
1966952
1966956
1966963
1966967
1966974
1966978
1966985
1966989
1966996
1967000
1967007
1967011
1967018
1967022
1967029
1967036
1967043
1967047
1967054
1967058
1967065
1967069
1967076
1967080
1967087
1967091
1967098
1967102
1967109
1967113
1967120
1967124
1967131
1967135
1967142
1967146
1967150
1967157
1967161
1967168
1967175
1967179
1967186
1967190
1967200
1967204
1967208
1967215
1967222
1967226
1967233
1967237
1967244
1967251
1967255
1967259
1967266
1967273
1967277
1967281
1967288
1967292
1967299
1967303
1967310
1967317
1967324
1967328
1967335
1967339
1967346
1967350
1967357
1967361
1967368
1967372
1967379
1967383
1967390
1967397
1967401
1967408
1967412
1967419
1967423
1967430
1967437
1967441
1967445
1967452
1967459
1967463
1967467
1967474
1967481
1967485
1967492
1967496
1967503
1967507
1967511
1967518
1967525
1967529
1967533
1967540
1967547
1967551
1967558
1967562
1967569
1967573
1967580
1967584
1967591
1967595
1967599
1967606
1967613
1967617
1967624
1967628
1967635
1967639
1967646
1967650
1967657
1967661
1967668
1967672
1967676
1967683
1967690
1967697
1967704
1967708
1967713
1967720
1967725
1967732
1967736
1967743
1967747
1967751
1967758
1967765
1967769
1967773
1967780
1967787
1967791
1967803
1967810
1967814
1967818
1967825
1967832
1967837
1967841
1967848
1967852
1967856
1967863
1967873
1967880
1967884
1967888
1967895
1967899
1967904
1967911
1967918
1967925
1967933
1967937
1967941
1967944
1967948
1967955
1967959
1967966
1967973
1967980
1967985
1967989
1967993
1967996
1968006
1968018
1968023
1968031
1968035
1968039
1968042
1968046
1968053
1968058
1968066
1968070
1968077
1968089
1968096
1968101
1968105
1968112
1968117
1968120
1968127
1968134
1968141
1968145
1968153
1968157
1968164
1968168
1968175
1968179
1968186
1968193
1968197
1968204
1968208
1968212
1968219
1968223
1968230
1968237
1968241
1968248
1968252
1968259
1968263
1968270
1968274
1968281
1968285
1968289
1968296
1968300
1968307
1968314
1968318
1968325
1968329
1968333
1968340
1968347
1968354
1968358
1968365
1968369
1968376
1968380
1968388
1968392
1968399
1968407
1968411
1968415
1968422
1968429
1968433
1968437
1968444
1968451
1968455
1968462
1968466
1968473
1968477
1968484
1968488
1968495
1968499
1968506
1968513
1968520
1968524
1968531
1968535
1968542
1968546
1968553
1968557
1968561
1968568
1968572
1968576
1968583
1968590
1968597
1968601
1968608
1968612
1968619
1968624
1968631
1968635
1968639
1968646
1968650
1968654
1968661
1968668
1968675
1968682
1968689
1968693
1968697
1968701
1968708
1968712
1968716
1968723
1968727
1968731
1968738
1968742
1968749
1968753
1968760
1968764
1968771
1968775
1968779
1968786
1968793
1968797
1968804
1968808
1968815
1968819
1968826
1968830
1968837
1968841
1968845
1968852
1968859
1968863
1968870
1968874
1968881
1968885
1968892
1968896
1968903
1968907
1968911
1968918
1968925
1968929
1968937
1968944
1968948
1968952
1968959
1968963
1968973
1968983
1968990
1968994
1969001
1969006
1969013
1969020
1969027
1969031
1969035
1969042
1969046
1969050
1969057
1969064
1969068
1969075
1969082
1969089
1969094
1969101
1969105
1969109
1969116
1969121
1969125
1969129
1969136
1969143
1969147
1969157
1969161
1969166
1969173
1969180
1969184
1969188
1969195
1969199
1969203
1969210
1969214
1969221
1969225
1969232
1969237
1969241
1969245
1969252
1969256
1969260
1969267
1969271
1969275
1969282
1969286
1969290
1969297
1969301
1969305
1969312
1969316
1969320
1969327
1969331
1969335
1969342
1969349
1969353
1969357
1969364
1969368
1969375
1969379
1969383
1969390
1969395
1969399
1969406
1969413
1969417
1969421
1969428
1969432
1969439
1969443
1969448
1969455
1969462
1969466
1969473
1969477
1969481
1969488
1969495
1969502
1969506
1969511
1969515
1969522
1969529
1969533
1969537
1969544
1969548
1969552
1969559
1969563
1969570
1969574
1969581
1969585
1969592
1969599
1969603
1969610
1969614
1969618
1969625
1969629
1969636
1969643
1969650
1969654
1969661
1969668
1969672
1969676
1969683
1969690
1969694
1969701
1969705
1969712
1969716
1969723
1969730
1969737
1969741
1969748
1969752
1969759
1969763
1969771
1969774
1969781
1969785
1969792
1969800
1969807
1969811
1969815
1969819
1969826
1969836
1969840
1969847
1969851
1969858
1969862
1969866
1969876
1969880
1969885
1969892
1969899
1969906
1969910
1969914
1969921
1969925
1969932
1969936
1969943
1969950
1969957
1969961
1969965
1969972
1969979
1969983
1969990
1969994
1970001
1970005
1970012
1970016
1970023
1970027
1970034
1970038
1970045
1970049
1970056
1970060
1970064
1970071
1970075
1970082
1970089
1970093
1970100
1970107
1970114
1970118
1970125
1970129
1970136
1970140
1970144
1970151
1970158
1970162
1970170
1970174
1970178
1970185
1970189
1970193
1970200
1970207
1970211
1970215
1970219
1970223
1970230
1970234
1970238
1970245
1970249
1970253
1970260
1970267
1970271
1970275
1970279
1970283
1970290
1970294
1970298
1970305
1970309
1970313
1970320
1970327
1970331
1970335
1970339
1970343
1970350
1970354
1970358
1970365
1970369
1970373
1970380
1970387
1970391
1970395
1970399
1970403
1970410
1970414
1970418
1970425
1970429
1970433
1970440
1970444
1970448
1970455
1970459
1970463
1970470
1970477
1970481
1970485
1970489
1970493
1970500
1970504
1970508
1970515
1970519
1970523
1970530
1970537
1970541
1970545
1970549
1970553
1970560
1970564
1970568
1970575
1970579
1970583
1970590
1970597
1970601
1970605
1970609
1970613
1970620
1970624
1970628
1970635
1970645
1970650
1970654
1970658
1970662
1970669
1970673
1970677
1970684
1970688
1970692
1970696
1970703
1970707
1970711
1970718
1970722
1970726
1970733
1970737
1970741
1970748
1970755
1970760
1970764
1970768
1970772
1970779
1970783
1970790
1970794
1970799
1970802
1970806
1970809
1970816
1970823
1970827
1970834
1970841
1970845
1970852
1970856
1970863
1970867
1970874
1970881
1970885
1970889
1970893
1970897
1970904
1970914
1970918
1970922
1970929
1970933
1970940
1970944
1970951
1970955
1970962
1970966
1970971
1970978
1970982
1970989
1970993
1970997
1971004
1971008
1971015
1971019
1971026
1971030
1971034
1971041
1971051
1971055
1971062
1971066
1971076
1971082
1971086
1971093
1971097
1971104
1971111
1971115
1971122
1971126
1971134
1971137
1971141
1971145
1971152
1971156
1971163
1971167
1971174
1971178
1971185
1971192
1971196
1971201
1971204
1971211
1971215
1971222
1971229
1971236
1971240
1971247
1971251
1971258
1971268
1971275
1971281
1971285
1971289
1971299
1971306
1971313
1971317
1971325
1971332
1971337
1971344
1971352
1971356
1971363
1971370
1971374
1971381
1971385
1971392
1971399
1971403
1971410
1971417
1971421
1971428
1971432
1971439
1971446
1971450
1971454
1971462
1971465
1971470
1971473
1971477
1971484
1971491
1971495
1971499
1971506
1971510
1971518
1971521
1971528
1971532
1971542
1971546
1971553
1971557
1971561
1971565
1971570
1971573
1971580
1971587
1971591
1971598
1971605
1971609
1971616
1971623
1971627
1971634
1971638
1971643
1971647
1971654
1971661
1971668
1971672
1971676
1971683
1971687
1971694
1971698
1971706
1971713
1971717
1971721
1971728
1971732
1971739
1971743
1971747
1971757
1971762
1971769
1971773
1971777
1971784
1971792
1971796
1971803
1971807
1971814
1971821
1971825
1971832
1971836
1971840
1971847
1971854
1971858
1971865
1971869
1971879
1971884
1971891
1971895
1971901
1971904
1971908
1971911
1971921
1971925
1971935
1971939
1971943
1971950
1971957
1971961
1971968
1971972
1971979
1971983
1971990
1971994
1971998
1972005
1972012
1972017
1972021
1972026
1972030
1972037
1972044
1972048
1972052
1972059
1972063
1972070
1972074
1972078
1972082
1972089
1972096
1972108
1972115
1972125
1972130
1972135
1972139
1972143
1972147
1972157
1972161
1972168
1972175
1972182
1972186
1972192
1972195
1972199
1972202
1972209
1972213
1972220
1972224
1972231
1972235
1972243
1972249
1972252
1972259
1972263
1972268
1972271
1972275
1972278
1972285
1972292
1972299
1972306
1972310
1972314
1972318
1972322
1972329
1972336
1972340
1972344
1972351
1972355
1972362
1972366
1972373
1972380
1972384
1972388
1972392
1972396
1972400
1972407
1972411
1972418
1972425
1972429
1972436
1972440
1972444
1972448
1972452
1972459
1972466
1972470
1972474
1972478
1972485
1972489
1972496
1972500
1972506
1972509
1972513
1972516
1972523
1972527
1972534
1972538
1972543
1972546
1972550
1972553
1972563
1972567
1972571
1972578
1972585
1972589
1972596
1972600
1972607
1972611
1972618
1972622
1972629
1972633
1972645
1972655
1972660
1972664
1972672
1972677
1972684
1972688
1972692
1972696
1972700
1972704
1972708
1972712
1972719
1972726
1972730
1972737
1972741
1972748
1972752
1972759
1972763
1972767
1972771
1972779
1972783
1972790
1972794
1972798
1972805
1972809
1972816
1972820
1972827
1972831
1972835
1972839
1972846
1972854
1972858
1972862
1972866
1972870
1972877
1972882
1972885
1972892
1972896
1972901
1972904
1972908
1972911
1972918
1972922
1972927
1972930
1972934
1972938
1972942
1972945
1972949
1972952
1972956
1972959
1972963
1972967
1972972
1972976
1972980
1972983
1972987
1972990
1972994
1972997
1973001
1973004
1973008
1973011
1973015
1973018
1973022
1973025
1973029
1973033
1973037
1973040
1973045
1973048
1973052
1973056
1973060
1973063
1973068
1973071
1973075
1973079
1973083
1973086
1973090
1973094
1973098
1973101
1973105
1973108
1973113
1973116
1973120
1973123
1973128
1973131
1973135
1973138
1973142
1973145
1973149
1973152
1973156
1973159
1973163
1973166
1973170
1973173
1973177
1973181
1973186
1973189
1973193
1973196
1973201
1973204
1973209
1973212
1973216
1973220
1973223
1973227
1973230
1973234
1973237
1973242
1973245
1973249
1973252
1973256
1973259
1973263
1973266
1973270
1973273
1973277
1973280
1973284
1973287
1973291
1973295
1973299
1973303
1973306
1973310
1973314
1973317
1973321
1973324
1973328
1973331
1973335
1973339
1973342
1973346
1973349
1973353
1973356
1973360
1973363
1973367
1973370
1973374
1973377
1973381
1973384
1973388
1973391
1973395
1973398
1973402
1973406
1973409
1973413
1973416
1973420
1973423
1973427
1973430
1973434
1973437
1973441
1973444
1973448
1973451
1973455
1973458
1973462
1973465
1973470
1973473
1973477
1973480
1973484
1973487
1973491
1973494
1973498
1973501
1973505
1973508
1973515
1973520
1973524
1973527
1973530
1973537
1973541
1973546
1973549
1973553
1973556
1989025
1989032
1989040
1989047
1989051
1989055
1989059
1989064
1989069
1989076
1989083
1989090
1989095
1989100
1989105
1989112
1989119
1989126
1989133
1989137
1989141
1989148
1989155
1989160
1989163
1989170
1989182
1989189
1989197
1989202
1989207
1989211
1989215
1989219
1989231
1989238
1989243
1989247
1989254
1989258
1989265
1989268
1989272
1989276
1989283
1989290
1989297
1989301
1989308
1989312
1989320
1989325
1989330
1989334
1989341
1989348
1989355
1989362
1989366
1989370
1989377
1989384
1989388
1989392
1989399
1989406
1989411
1989415
1989419
1989422
1989430
1989435
1989447
1989454
1989459
1989463
1989468
1989472
1989478
1989481
1989485
1989488
1989500
1989507
1989512
1989516
1989523
1989527
1989532
1989535
1989541
1989544
1989549
1989556
1989563
1989570
1989577
1989581
1989585
1989590
1989593
1989596
1989601
1989608
1989615
1989619
1989623
1989627
1989634
1989641
1989648
1989655
1989662
1989666
1989670
1989677
1989684
1989688
1989692
1989699
1989703
1989708
1989712
1989719
1989726
1989731
1989736
1989740
1989744
1989754
1989758
1989762
1989766
1989771
1989774
1989779
1989783
1989795
1989802
1989807
1989811
1989816
1989819
1989824
1989827
1989832
1989837
1989844
1989851
1989858
1989863
1989867
1989870
1989875
1989880
1989884
1989888
1989895
1989902
1989909
1989916
1989920
1989924
1989931
1989935
1989942
1989946
1989953
1989960
1989965
1989968
1989975
1989982
1989989
1989996
1990000
1990004
1990011
1990018
1990022
1990026
1990033
1990040
1990045
1990049
1990053
1990056
1990066
1990074
1990079
1990085
1990089
1990093
1990098
1990110
1990117
1990127
1990131
1990136
1990140
1990145
1990149
1990153
1990156
1990161
1990164
1990171
1990178
1990183
1990186
1990191
1990194
1990199
1990202
1990209
1990216
1990223
1990228
1990232
1990235
1990240
1990243
1990248
1990253
1990260
1990267
1990274
1990279
1990283
1990286
1990291
1990296
1990300
1990304
1990308
1990315
1990322
1990326
1990333
1990337
1990341
1990348
1990355
1990362
1990367
1990371
1990375
1990378
1990386
1990391
1990396
1990400
1990404
1990407
1990417
1990421
1990425
1990429
1990434
1990437
1990442
1990445
1990455
1990459
1990463
1990467
1990472
1990475
1990480
1990483
1990490
1990494
1990499
1990502
1990507
1990512
1990519
1990526
1990530
1990534
1990539
1990544
1990548
1990552
1990559
1990569
1990576
1990581
1990588
1990593
1990597
1990600
1990607
1990614
1990619
1990622
1990632
1990636
1990643
1990650
1990654
1990658
1990665
1990672
1990676
1990680
1990687
1990691
1990701
1990705
1990710
1990713
1990720
1990727
1990731
1990738
1990748
1990752
1990757
1990760
1990767
1990774
1990781
1990788
1990792
1990796
1990803
1990810
1990815
1990819
1990823
1990826
1990838
1990845
1990857
1990864
1990869
1990873
1990878
1990881
1990888
1990898
1990902
1990906
1990913
1990920
1990927
1990931
1990936
1990946
1990950
1990954
1990958
1990963
1990967
1990971
1990977
1990982
1990986
1990996
1991000
1991007
1991014
1991018
1991022
1991029
1991034
1991038
1991041
1991046
1991049
1991053
1991060
1991065
1991068
1991073
1991076
1991080
1991087
1991091
1991098
1991103
1991106
1991109
1991114
1991118
1991125
1991128
1991133
1991140
1991147
1991152
1991159
1991163
1991166
1991173
1991177
1991181
1991188
1991195
1991199
1991206
1991213
1991220
1991227
1991231
1991235
1991242
1991249
1991254
1991258
1991262
1991265
1991272
1991275
1991285
1991289
1991293
1991297
1991300
1991305
1991310
1991313
1991323
1991327
1991331
1991335
1991340
1991343
1991348
1991351
1991358
1991362
1991367
1991370
1991373
1991378
1991382
1991389
1991392
1991399
1991403
1991410
1991414
1991421
1991425
1991433
1991439
1991444
1991451
1991455
1991462
1991466
1991470
1991477
1991484
1991492
1991499
1991503
1991506
1991513
1991517
1991524
1991528
1991535
1991539
1991546
1991550
1991562
1991569
1991574
1991578
1991582
1991586
1991596
1991600
1991607
1991614
1991618
1991622
1991629
1991633
1991645
1991652
1991657
1991661
1991665
1991669
1991676
1991683
1991690
1991697
1991701
1991705
1991715
1991719
1991724
1991727
1991734
1991741
1991748
1991755
1991760
1991764
1991768
1991771
1991783
1991790
1991800
1991804
1991808
1991815
1991827
1991834
1991839
1991843
1991847
1991851
1991861
1991865
1991872
1991879
1991883
1991887
1991894
1991898
1991910
1991917
1991922
1991926
1991930
1991934
1991944
1991948
1991955
1991962
1991966
1991970
1991975
1991979
1991989
1991996
1992001
1992005
1992009
1992012
1992022
1992026
1992031
1992038
1992042
1992045
1992052
1992059
1992063
1992067
1992077
1992081
1992085
1992089
1992097
1992102
1992106
1992110
1992114
1992118
1992125
1992130
1992135
1992138
1992142
1992149
1992156
1992160
1992164
1992171
1992174
1992179
1992186
1992190
1992195
1992198
1992201
1992206
1992211
1992214
1992218
1992225
1992229
1992236
1992241
1992244
1992249
1992252
1992256
1992263
1992270
1992274
1992279
1992282
1992287
1992292
1992297
1992300
1992304
1992311
1992315
1992322
1992329
1992336
1992344
1992348
1992352
1992355
1992362
1992369
1992376
1992381
1992385
1992388
1992392
1992399
1992406
1992410
1992417
1992424
1992429
1992433
1992437
1992440
1992447
1992450
1992462
1992467
1992475
1992479
1992483
1992486
1992490
1992494
1992499
1992502
1992507
1992510
1992514
1992521
1992526
1992529
1992534
1992537
1992541
1992548
1992553
1992556
1992561
1992564
1992568
1992575
1992580
1992587
1992594
1992598
1992605
1992609
1992616
1992620
1992627
1992631
1992634
1992639
1992646
1992650
1992654
1992661
1992668
1992672
1992679
1992683
1992690
1992697
1992701
1992709
1992713
1992716
1992723
1992727
1992734
1992738
1992748
1992755
1992760
1992764
1992768
1992771
1992778
1992782
1992789
1992793
1992800
1992804
1992808
1992815
1992819
1992826
1992838
1992845
1992850
1992854
1992858
1992862
1992869
1992873
1992880
1992884
1992891
1992895
1992907
1992914
1992919
1992923
1992927
1992931
1992938
1992945
1992952
1992956
1992960
1992967
1992974
1992978
1992990
1992997
1993002
1993006
1993010
1993014
1993024
1993028
1993035
1993042
1993046
1993050
1993057
1993061
1993068
1993072
1993084
1993091
1993096
1993100
1993104
1993108
1993118
1993122
1993126
1993133
1993140
1993144
1993151
1993155
1993167
1993174
1993179
1993183
1993187
1993191
1993201
1993208
1993215
1993222
1993226
1993230
1993237
1993241
1993248
1993252
1993264
1993271
1993276
1993280
1993284
1993288
1993295
1993302
1993309
1993316
1993320
1993324
1993331
1993335
1993345
1993349
1993353
1993357
1993364
1993371
1993378
1993385
1993389
1993393
1993400
1993404
1993416
1993423
1993428
1993432
1993436
1993440
1993447
1993454
1993461
1993468
1993472
1993476
1993483
1993487
1993499
1993506
1993511
1993515
1993519
1993523
1993530
1993537
1993542
1993549
1993553
1993557
1993561
1993565
1993575
1993582
1993587
1993591
1993595
1993598
1993602
1993609
1993619
1993626
1993631
1993635
1993639
1993642
1993646
1993653
1993660
1993664
1993674
1993681
1993686
1993690
1993694
1993697
1993704
1993708
1993715
1993719
1993729
1993736
1993741
1993745
1993749
1993752
1993756
1993763
1993767
1993774
1993781
1993785
1993790
1993794
1993798
1993805
1993812
1993817
1993820
1993827
1993831
1993835
1993842
1993849
1993853
1993858
1993861
1993864
1993869
1993873
1993880
1993887
1993891
1993896
1993899
1993906
1993910
1993915
1993918
1993921
1993926
1993931
1993934
1993937
1993942
1993946
1993953
1993960
1993964
1993969
1993972
1993977
1993981
1993988
1993992
1993999
1994007
1994011
1994016
1994020
1994027
1994034
1994038
1994045
1994049
1994056
1994060
1994067
1994071
1994078
1994085
1994089
1994093
1994100
1994107
1994112
1994116
1994120
1994123
1994133
1994141
1994146
1994150
1994154
1994160
1994170
1994174
1994178
1994182
1994185
1994190
1994195
1994198
1994202
1994209
1994214
1994217
1994222
1994225
1994229
1994236
1994241
1994244
1994249
1994252
1994259
1994263
1994267
1994274
1994278
1994283
1994288
1994295
1994299
1994306
1994310
1994315
1994319
1994326
1994333
1994337
1994344
1994348
1994352
1994359
1994363
1994370
1994377
1994381
1994389
1994393
1994400
1994407
1994411
1994418
1994425
1994429
1994433
1994440
1994444
1994451
1994455
1994465
1994472
1994477
1994481
1994485
1994488
1994492
1994499
1994506
1994510
1994520
1994527
1994532
1994536
1994540
1994543
1994547
1994554
1994561
1994565
1994569
1994576
1994580
1994587
1994594
1994598
1994605
1994612
1994616
1994620
1994624
1994631
1994638
1994642
1994649
1994656
1994660
1994664
1994671
1994675
1994682
1994687
1994694
1994701
1994705
1994709
1994716
1994720
1994727
1994731
1994738
1994745
1994749
1994753
1994757
1994764
1994768
1994775
1994785
1994792
1994797
1994801
1994805
1994808
1994812
1994819
1994829
1994836
1994841
1994845
1994849
1994852
1994859
1994866
1994876
1994883
1994888
1994892
1994896
1994899
1994906
1994913
1994917
1994924
1994928
1994935
1994939
1994946
1994953
1994960
1994964
1994968
1994975
1994979
1994986
1994990
1994997
1995004
1995008
1995012
1995019
1995023
1995030
1995034
1995041
1995048
1995052
1995056
1995063
1995067
1995074
1995078
1995085
1995089
1995098
1995105
1995110
1995117
1995121
1995128
1995132
1995139
1995144
1995149
1995153
1995156
1995161
1995166
1995169
1995176
1995180
1995187
1995191
1995196
1995199
1995202
1995207
1995212
1995215
1995219
1995226
1995233
1995237
1995242
1995245
1995248
1995253
1995257
1995264
1995269
1995272
1995275
1995280
1995287
1995291
1995298
1995302
1995307
1995310
1995314
1995319
1995326
1995330
1995334
1995337
1995342
1995352
1995356
1995363
1995370
1995374
1995378
1995385
1995392
1995396
1995403
1995410
1995417
1995424
1995428
1995432
1995439
1995446
1995450
1995454
1995461
1995468
1995473
1995477
1995481
1995484
1995492
1995504
1995509
1995514
1995518
1995522
1995526
1995532
1995535
1995540
1995547
1995551
1995556
1995559
1995564
1995567
1995579
1995586
1995591
1995595
1995600
1995603
1995608
1995611
1995616
1995619
1995626
1995633
1995640
1995644
1995648
1995656
1995659
1995664
1995667
1995670
1995675
1995685
1995688
1995693
1995698
1995702
1995709
1995715
1995722
1995727
1995731
1995738
1995745
1995749
1995753
1995760
1995764
1995774
1995781
1995785
1995789
1995796
1995801
1995808
1995815
1995819
1995823
1995830
1995834
1995841
1995848
1995855
1995859
1995863
1995870
1995874
1995878
1995885
1995889
1995896
1995903
1995910
1995914
1995918
1995925
1995929
1995936
1995940
1995947
1995954
1995958
1995962
1995969
1995973
1995977
1995984
1995991
1995995
1996002
1996006
1996010
1996017
1996021
1996028
1996035
1996042
1996046
1996050
1996057
1996061
1996065
1996072
1996079
1996086
1996090
1996094
1996101
1996105
1996109
1996116
1996123
1996130
1996134
1996138
1996145
1996149
1996156
1996160
1996167
1996174
1996178
1996182
1996186
1996193
1996200
1996204
1996211
1996218
1996222
1996226
1996233
1996237
1996241
1996248
1996255
1996260
1996267
1996274
1996278
1996282
1996289
1996293
1996297
1996304
1996311
1996316
1996323
1996330
1996334
1996338
1996345
1996349
1996353
1996360
1996367
1996371
1996378
1996382
1996386
1996393
1996400
1996407
1996411
1996415
1996422
1996426
1996430
1996437
1996444
1996451
1996455
1996459
1996466
1996470
1996477
1996481
1996488
1996495
1996499
1996503
1996510
1996514
1996518
1996525
1996532
1996536
1996543
1996550
1996554
1996558
1996565
1996569
1996573
1996580
1996587
1996591
1996598
1996602
1996607
1996612
1996616
1996620
1996627
1996631
1996634
1996639
1996646
1996650
1996657
1996661
1996666
1996669
1996679
1996683
1996688
1996691
1996694
1996699
1996704
1996707
1996714
1996718
1996723
1996726
1996731
1996734
1996741
1996745
1996752
1996756
1996761
1996764
1996769
1996772
1996779
1996783
1996788
1996795
1996800
1996807
1996814
1996821
1996829
1996834
1996837
1996849
1996856
1996861
1996868
1996875
1996879
1996886
1996890
1996897
1996904
1996909
1996913
1996917
1996920
1996927
1996934
1996938
1996944
1996949
1996954
1996959
1996962
1996974
1996979
1996984
1996988
1996992
1996995
1997000
1997003
1997008
1997011
1997018
1997022
1997029
1997034
1997037
1997042
1997045
1997049
1997056
1997059
1997064
1997067
1997072
1997080
1997084
1997088
1997095
1997100
1997103
1997110
1997114
1997121
1997125
1997132
1997136
1997143
1997147
1997151
1997158
1997162
1997169
1997173
1997180
1997184
1997191
1997195
1997202
1997209
1997216
1997220
1997227
1997231
1997238
1997243
1997247
1997254
1997258
1997265
1997272
1997276
1997280
1997284
1997288
1997292
1997299
1997303
1997310
1997314
1997318
1997325
1997329
1997336
1997343
1997347
1997351
1997355
1997359
1997363
1997370
1997374
1997381
1997385
1997392
1997399
1997406
1997410
1997414
1997418
1997422
1997429
1997433
1997440
1997444
1997448
1997452
1997459
1997463
1997470
1997474
1997481
1997488
1997492
1997496
1997500
1997504
1997511
1997515
1997522
1997526
1997530
1997534
1997541
1997545
1997552
1997556
1997563
1997570
1997574
1997578
1997582
1997586
1997593
1997597
1997604
1997608
1997612
1997616
1997623
1997627
1997634
1997638
1997645
1997652
1997656
1997660
1997664
1997668
1997675
1997679
1997683
1997690
1997697
1997701
1997708
1997712
1997719
1997726
1997730
1997734
1997738
1997742
1997749
1997754
1997761
1997765
1997769
1997773
1997780
1997784
1997791
1997795
1997802
1997809
1997813
1997817
1997821
1997825
1997829
1997836
1997840
1997847
1997854
1997858
1997862
1997869
1997873
1997877
1997882
1997889
1997893
1997900
1997907
1997911
1997918
1997925
1997929
1997933
1997937
1997941
1997946
1997953
1997957
1997964
1997968
1997972
1997979
1997983
1997990
1997997
1998001
1998005
1998009
1998013
1998017
1998024
1998028
1998035
1998039
1998043
1998050
1998054
1998061
1998068
1998072
1998076
1998080
1998084
1998088
1998095
1998099
1998106
1998113
1998117
1998124
1998131
1998135
1998139
1998143
1998147
1998154
1998158
1998165
1998169
1998173
1998177
1998184
1998188
1998195
1998199
1998206
1998213
1998217
1998221
1998225
1998229
1998236
1998240
1998247
1998251
1998255
1998259
1998266
1998270
1998274
1998281
1998285
1998289
1998293
1998300
1998304
1998311
1998315
1998319
1998326
1998330
1998337
1998344
1998348
1998352
1998356
1998360
1998364
1998371
1998375
1998382
1998386
1998393
1998400
1998404
1998408
1998415
1998419
1998426
1998433
1998440
1998444
1998448
1998455
1998459
1998464
1998469
1998476
1998480
1998487
1998491
1998495
1998499
1998506
1998510
1998517
1998521
1998525
1998529
1998534
1998537
1998540
1998545
1998553
1998557
1998564
1998568
1998572
1998576
1998583
1998587
1998592
1998595
1998602
1998606
1998610
1998613
1998618
1998623
1998626
1998633
1998637
1998641
1998648
1998655
1998660
1998663
1998668
1998671
1998678
1998682
1998689
1998693
1998698
1998705
1998713
1998720
1998728
1998735
1998738
1998748
1998755
1998759
1998763
1998770
1998777
1998781
1998786
1998789
1998796
1998800
1998806
1998813
1998820
1998824
1998828
1998835
1998838
1998843
1998853
1998857
1998861
1998865
1998872
1998876
1998879
1998884
1998889
1998892
1998900
1998904
1998909
1998912
1998917
1998920
1998930
1998933
1998938
1998943
1998946
1998953
1998960
1998967
1998971
1998978
1998982
1998986
1998993
1998997
1999004
1999008
1999015
1999022
1999026
1999030
1999037
1999041
1999048
1999058
1999065
1999072
1999076
1999082
1999085
1999089
1999092
1999099
1999103
1999110
1999114
1999119
1999123
1999130
1999134
1999139
1999142
1999146
1999149
1999156
1999163
1999168
1999175
1999182
1999186
1999193
1999197
1999204
1999208
1999215
1999219
1999226
1999230
1999235
1999240
1999244
1999248
1999252
1999256
1999259
1999264
1999268
1999275
1999282
1999286
1999289
1999294
1999302
1999309
1999313
1999316
1999321
1999326
1999329
1999337
1999341
1999348
1999353
1999356
1999361
1999364
1999368
1999375
1999382
1999386
1999390
1999394
1999404
1999408
1999414
1999417
1999424
1999428
1999435
1999439
1999446
1999450
1999454
1999461
1999465
1999473
1999476
1999480
1999484
1999494
1999502
1999509
1999516
1999524
1999528
1999535
1999539
1999547
1999550
1999557
1999561
1999566
1999569
1999574
1999577
1999584
1999591
1999598
1999602
1999609
1999613
1999618
1999623
1999628
1999632
1999636
1999640
1999643
1999648
1999652
1999659
1999666
1999670
1999673
1999678
1999683
1999690
1999693
1999700
1999703
1999708
1999713
1999716
1999723
1999727
1999735
1999742
1999746
1999753
1999760
1999764
1999774
1999778
1999785
1999789
1999793
1999800
1999804
1999811
1999815
1999822
1999832
1999839
1999846
1999850
1999856
1999859
1999863
1999866
1999873
1999877
1999884
1999888
1999892
1999896
1999903
1999907
1999912
1999916
1999923
1999927
1999932
1999935
1999939
1999942
1999949
1999956
1999960
1999967
1999974
1999978
1999985
1999989
1999993
2000000
2000007
2000011
2000018
2000022
2000027
2000032
2000036
2000040
2000044
2000051
2000055
2000059
2000066
2000073
2000077
2000080
2000085
2000090
2000093
2000100
2000104
2000108
2000115
2000119
2000123
2000128
2000131
2000138
2000145
2000149
2000156
2000163
2000170
2000174
2000178
2000185
2000192
2000196
2000200
2000207
2000212
2000215
2000219
2000226
2000233
2000237
2000244
2000248
2000254
2000257
2000261
2000268
2000273
2000276
2000280
2000283
2000290
2000297
2000304
2000308
2000315
2000319
2000326
2000330
2000335
2000339
2000343
2000346
2000351
2000358
2000365
2000369
2000373
2000380
2000384
2000391
2000395
2000402
2000406
2000411
2000415
2000419
2000426
2000431
2000438
2000443
2000446
2000450
2000457
2000461
2000465
2000472
2000476
2000483
2000488
2000492
2000496
2000503
2000507
2000511
2000518
2000525
2000529
2000535
2000538
2000542
2000545
2000552
2000556
2000563
2000567
2000571
2000575
2000579
2000582
2000589
2000596
2000600
2000607
2000614
2000618
2000625
2000632
2000637
2000641
2000645
2000652
2000659
2000663
2000667
2000671
2000678
2000683
2000686
2000693
2000697
2000705
2000709
2000713
2000720
2000724
2000728
2000735
2000739
2000743
2000750
2000754
2000759
2000762
2000766
2000769
2000773
2000777
2000780
2000784
2000787
2000790
2000792
2000796
2000799
2000803
2000806
2000809
2000811
2000815
2000818
2000822
2000825
2000828
2000830
2000834
2000836
2000839
2000842
2000846
2000850
2000854
2000856
2000859
2000862
2000865
2000867
2000871
2000874
2000878
2000880
2000884
2000887
2000890
2000892
2000895
2000897
2000902
2000905
2000908
2000910
2000913
2000915
2000919
2000922
2000925
2000927
2000932
2000935
2000939
2000942
2000945
2000947
2000951
2000954
2000957
2000959
2000964
2000967
2000971
2000974
2000978
2000982
2000986
2000990
2000994
2000997
2001001
2001004
2001008
2001011
2001014
2001019
2001022
2001025
2001027
2001031
2001035
2001039
2001042
2001046
2001049
2001051
2001054
2001056
2001060
2001063
2001067
2001070
2001074
2001077
2001080
2001082
2001086
2001089
2001093
2001096
2001100
2001103
2001107
2001110
2001113
2001115
2001119
2001122
2001126
2001129
2001133
2001136
2001140
2001143
2001146
2001148
2001152
2001156
2001160
2001164
2001168
2001172
2001175
2001179
2001182
2001186
2001189
