1960413
1960420
1960432
1960439
1960446
1960451
1960455
1960459
1960463
1960477
1960484
1960491
1960498
1961022
1961142
1961149
1961159
1961164
1961172
1961175
1961182
1961189
1961196
1961203
1961208
1961212
1961216
1961224
1961231
1961243
1961250
1961257
1961269
1961274
1961278
1961285
1961292
1961302
1961307
1961314
1961319
1961326
1961331
1961335
1961339
1961342
1961349
1961356
1961361
1961364
1961368
1961375
1961386
1961393
1961400
1961405
1961882
1961908
1961915
1961919
1961926
1961991
1961998
1962007
1962010
1962017
1962026
1962031
1962035
1962039
1962043
1962050
1962057
1962064
1962071
1962078
1962085
1962089
1962093
1962100
1962104
1962111
1962115
1962122
1962129
1962133
1962137
1962144
1962151
1962158
1962165
1962172
1962179
1962183
1962187
1962194
1962201
1962205
1962209
1962216
1962220
1962227
1962234
1962238
1962242
1962249
1962256
1962263
1962270
1962277
1962284
1962288
1962292
1962299
1962303
1962310
1962317
1962321
1962325
1962332
1962339
1962346
1962353
1962357
1962361
1962368
1962375
1962380
1962384
1962388
1962394
1962401
1962413
1962420
1962427
1962439
1962444
1962448
1962455
1962462
1962472
1962477
1962484
1962491
1962500
1962505
1962509
1962513
1962517
1962524
1962531
1962538
1962545
1962552
1962559
1962563
1962567
1962574
1962583
1962588
1962592
1962596
1962600
1962607
1962614
1962618
1962628
1962635
1962639
1962643
1962647
1962654
1962661
1962668
1962675
1962682
1962689
1962693
1962697
1962704
1962711
1962718
1962722
1962726
1962730
1962737
1962744
1962751
1962758
1962765
1962772
1962776
1962780
1962787
1962794
1962799
1962803
1962807
1962811
1962815
1962822
1962829
1962836
1962843
1962850
1962854
1962858
1962862
1962866
1962873
1962877
1962884
1962891
1962898
1962905
1962910
1962914
1962918
1962922
1962926
1962933
1962940
1962944
1962951
1962958
1962965
1962972
1962976
1962980
1962985
1962988
1962992
1962999
1963006
1963010
1963017
1963024
1963028
1963032
1963036
1963043
1963050
1963057
1963064
1963069
1963073
1963076
1963083
1963098
1963109
1963113
1963183
1963188
1963707
1963714
1963718
1963725
1963733
1963740
1963744
1963751
1963767
1963782
1963789
1963794
1963799
1963802
1963806
1963813
1963817
1963824
1963831
1963838
1963845
1963850
1963854
1963857
1963861
1963868
1963872
1963879
1963886
1963893
1963900
1963907
1963911
1963915
1963922
1963927
1963931
1963934
1963941
1963945
1963952
1963959
1963963
1963967
1963974
1963978
1963982
1963989
1963996
1964000
1964007
1964014
1964021
1964028
1964032
1964036
1964040
1964047
1964051
1964055
1964062
1964066
1964073
1964080
1964087
1964094
1964101
1964108
1964112
1964116
1964123
1964127
1964131
1964138
1964143
1964150
1964154
1964158
1964162
1964169
1964176
1964183
1964190
1964197
1964201
1964205
1964212
1964216
1964221
1964224
1964228
1964235
1964242
1964246
1964253
1964260
1964267
1964274
1964278
1964282
1964287
1964290
1964297
1964301
1964308
1964312
1964319
1964326
1964333
1964338
1964342
1964345
1964352
1964356
1964363
1964370
1964374
1964378
1964385
1964389
1964393
1964400
1964407
1964411
1964418
1964425
1964432
1964437
1964441
1964444
1964451
1964455
1964459
1964466
1964473
1964480
1964487
1964492
1964496
1964499
1964503
1964510
1964514
1964521
1964528
1964535
1964542
1964547
1964551
1964554
1964561
1964565
1964569
1964576
1964583
1964590
1964594
1964598
1964605
1964609
1964616
1964623
1964630
1964635
1964639
1964642
1964649
1964653
1964657
1964664
1964671
1964675
1964682
1964689
1964696
1964701
1964705
1964708
1964715
1964719
1964723
1964730
1964734
1964748
1964763
1964774
1965410
1965417
1965421
1965428
1965449
1965456
1965460
1965467
1965482
1965489
1965493
1965500
1965504
1965511
1965515
1965522
1965526
1965533
1965537
1965544
1965548
1965555
1965559
1965566
1965570
1965577
1965581
1965588
1965592
1965599
1965603
1965607
1965614
1965621
1965628
1965635
1965640
1965644
1965647
1965654
1965658
1965662
1965669
1965676
1965680
1965684
1965691
1965695
1965702
1965709
1965713
1965720
1965724
1965728
1965735
1965739
1965746
1965753
1965757
1965764
1965768
1965775
1965779
1965783
1965790
1965797
1965801
1965808
1965812
1965816
1965823
1965830
1965834
1965841
1965845
1965852
1965856
1965860
1965867
1965874
1965881
1965888
1965893
1965897
1965900
1965907
1965911
1965915
1965922
1965929
1965933
1965937
1965944
1965951
1965955
1965962
1965966
1965973
1965977
1965984
1965988
1965992
1965999
1966006
1966010
1966017
1966021
1966025
1966032
1966036
1966043
1966050
1966054
1966061
1966065
1966069
1966076
1966083
1966087
1966094
1966098
1966105
1966109
1966116
1966120
1966127
1966131
1966138
1966142
1966146
1966153
1966160
1966164
1966168
1966175
1966182
1966209
1966219
1966255
1966260
1966799
1966806
1966810
1966814
1966840
1966844
1966851
1966855
1966869
1966873
1966880
1966884
1966891
1966895
1966902
1966906
1966913
1966920
1966924
1966928
1966935
1966942
1966946
1966953
1966957
1966964
1966968
1966975
1966979
1966986
1966990
1966997
1967001
1967008
1967012
1967019
1967023
1967030
1967037
1967044
1967048
1967055
1967059
1967066
1967070
1967077
1967081
1967088
1967092
1967099
1967103
1967110
1967114
1967121
1967125
1967132
1967136
1967143
1967147
1967151
1967158
1967162
1967169
1967176
1967180
1967187
1967196
1967201
1967205
1967209
1967216
1967223
1967227
1967234
1967238
1967245
1967252
1967256
1967260
1967267
1967274
1967278
1967282
1967289
1967293
1967300
1967304
1967311
1967318
1967325
1967329
1967336
1967340
1967347
1967351
1967358
1967362
1967369
1967373
1967380
1967384
1967391
1967398
1967402
1967409
1967413
1967420
1967424
1967431
1967438
1967442
1967446
1967453
1967460
1967464
1967468
1967475
1967482
1967486
1967493
1967497
1967504
1967508
1967512
1967519
1967526
1967530
1967534
1967541
1967548
1967552
1967559
1967563
1967570
1967574
1967581
1967585
1967592
1967596
1967600
1967607
1967614
1967640
1967647
1967673
1968297
1968301
1968308
1968315
1968319
1968326
1968348
1968355
1968359
1968366
1968370
1968377
1968389
1968393
1968403
1968408
1968412
1968416
1968423
1968430
1968434
1968438
1968445
1968452
1968456
1968463
1968467
1968474
1968478
1968485
1968489
1968496
1968500
1968507
1968514
1968521
1968525
1968532
1968536
1968543
1968547
1968554
1968558
1968562
1968569
1968573
1968577
1968584
1968591
1968598
1968602
1968609
1968613
1968620
1968625
1968632
1968636
1968640
1968647
1968651
1968655
1968662
1968669
1968676
1968683
1968690
1968694
1968698
1968702
1968709
1968713
1968717
1968724
1968728
1968732
1968739
1968743
1968750
1968754
1968761
1968765
1968772
1968776
1968780
1968787
1968794
1968798
1968805
1968809
1968816
1968820
1968827
1968831
1968838
1968842
1968846
1968853
1968860
1968864
1968871
1968875
1968882
1968886
1968893
1968897
1968904
1968908
1968912
1968919
1968926
1968933
1968938
1968945
1968949
1968953
1968960
1968967
1968979
1968984
1968991
1968995
1969002
1969007
1969014
1969021
1969028
1969032
1969036
1969043
1969047
1969051
1969058
1969065
1969069
1969076
1969083
1969090
1969095
1969102
1969106
1969110
1969117
1969122
1969126
1969130
1969137
1969144
1969153
1969158
1969162
1969167
1969174
1969181
1969185
1969189
1969196
1969200
1969204
1969211
1969215
1969222
1969226
1969233
1969238
1969242
1969246
1969253
1969257
1969261
1969268
1969272
1969276
1969283
1969287
1969291
1969298
1969302
1969306
1969313
1969317
1969321
1969328
1969332
1969336
1969343
1969350
1969354
1969358
1969365
1969369
1969376
1969380
1969384
1969391
1969396
1969400
1969407
1969414
1969418
1969422
1969429
1969433
1969440
1969444
1969449
1969456
1969463
1969467
1969474
1969478
1969482
1969503
1969523
1969530
1969534
1969538
1969545
1969549
1969553
1969560
1970083
1970141
1970145
1970152
1970159
1970166
1970171
1970175
1970179
1970186
1970190
1970194
1970201
1970208
1970212
1970216
1970220
1970224
1970231
1970235
1970239
1970246
1970250
1970254
1970261
1970268
1970272
1970276
1970280
1970284
1970291
1970295
1970299
1970306
1970310
1970314
1970321
1970328
1970332
1970336
1970340
1970344
1970351
1970355
1970359
1970366
1970370
1970374
1970381
1970388
1970392
1970396
1970400
1970404
1970411
1970415
1970419
1970426
1970430
1970434
1970441
1970445
1970449
1970456
1970460
1970464
1970471
1970478
1970482
1970486
1970490
1970494
1970501
1970505
1970509
1970516
1970520
1970524
1970531
1970538
1970542
1970546
1970550
1970554
1970561
1970565
1970569
1970576
1970580
1970584
1970591
1970598
1970602
1970606
1970610
1970614
1970621
1970625
1970629
1970641
1970646
1970651
1970655
1970659
1970663
1970670
1970674
1970678
1970685
1970689
1970693
1970697
1970704
1970708
1970712
1970719
1970723
1970727
1970734
1970738
1970742
1970749
1970756
1970761
1970765
1970769
1970773
1970780
1970784
1970791
1970795
1970800
1970803
1970807
1970810
1970824
1972991
1972995
1973002
1973012
1973016
1973057
1973061
1973102
1973106
1973167
1973171
1973174
1973178
1973182
1973187
1973190
1973194
1973238
1973243
1973246
1973250
1973253
1973257
1973260
1973264
1973267
1973271
1973274
1973399
1973403
1973407
1973410
1973414
1973424
1973428
1973431
1973435
1973502
1973506
1974941
1975700
1975705
1976962
1977081
1977084
1977089
1977514
1977519
1977522
1977527
1977568
1977886
1978060
1978065
1978087
1978092
1978095
1978100
1978136
1978141
1978144
1978147
1978185
1978190
1978204
1978209
1978212
1978215
1978220
1978225
1978261
1978264
1978269
1978274
1978313
1978316
1978343
1978348
1978359
1978966
1978974
1978979
1979121
1979124
1979162
1979167
1979186
1979238
1979265
1979268
1979273
1979276
1979303
1979306
1979311
1979316
1979474
1979477
1979515
1979518
1979523
1979526
1979542
1979547
1979550
1979553
1979591
1979596
1979632
1979637
1979640
1979643
1979648
1979653
1979667
1979672
1979675
1979678
1979724
1979735
1980620
1980623
1980639
1980642
1980647
1980650
1980677
1980682
1980834
1980859
1980864
1980867
1980870
1980919
1980922
1980927
1980946
1980954
1980957
1980984
1980989
1981003
1981008
1981011
1981014
1981019
1981024
1981027
1981898
1981912
1981917
1982262
1982270
1982273
1982300
1982305
1990104
1990111
1990128
1990697
1990702
1990706
1990711
1990732
1990744
1990749
1990753
1990758
1990768
1990775
1990782
1990789
1990793
1990797
1990804
1990811
1990816
1990820
1990824
1990832
1990839
1990851
1990858
1990865
1990870
1990874
1990879
1990894
1990899
1990903
1990907
1990914
1990921
1990928
1990932
1990940
1990947
1990951
1990955
1990964
1990992
1990997
1991001
1991008
1991015
1991019
1991023
1991030
1991035
1991039
1991478
1991488
1991493
1991500
1991504
1991518
1991525
1991529
1991540
1991547
1991556
1991563
1991570
1991575
1991579
1991583
1991590
1991597
1991601
1991608
1991615
1991619
1991623
1991630
1991639
1991646
1991653
1991658
1991662
1991666
1991670
1991677
1991684
1991691
1991698
1991702
1991711
1991716
1991720
1991725
1991728
1991735
1991742
1991749
1991756
1991761
1991765
1991769
1991777
1991784
1991796
1991801
1991805
1991809
1991821
1991828
1991835
1991840
1991844
1991848
1991855
1991862
1991866
1991873
1991880
1991884
1991888
1991895
1991904
1991911
1991918
1991923
1991927
1991931
1991938
1991945
1991949
1991956
1991963
1991967
1991971
1991976
1991983
1991990
1991997
1992002
1992006
1992010
1992016
1992023
1992027
1992032
1992039
1992043
1992046
1992053
1992060
1992064
1992073
1992078
1992082
1992086
1992098
1992103
1992107
1992111
1992115
1992119
1992139
1992143
1992150
1992157
1992161
1992165
1992673
1992705
1992710
1992714
1992728
1992735
1992742
1992749
1992756
1992761
1992765
1992769
1992772
1992779
1992783
1992790
1992794
1992801
1992805
1992809
1992816
1992820
1992832
1992839
1992846
1992851
1992855
1992859
1992863
1992870
1992874
1992881
1992885
1992892
1992901
1992908
1992915
1992920
1992924
1992928
1992932
1992939
1992946
1992953
1992957
1992961
1992968
1992975
1992984
1992991
1992998
1993003
1993007
1993011
1993018
1993025
1993029
1993036
1993043
1993047
1993051
1993058
1993062
1993069
1993078
1993085
1993092
1993097
1993101
1993105
1993112
1993119
1993123
1993127
1993134
1993141
1993145
1993152
1993161
1993168
1993175
1993180
1993184
1993188
1993197
1993202
1993209
1993216
1993223
1993227
1993231
1993238
1993242
1993249
1993258
1993265
1993272
1993277
1993281
1993285
1993289
1993296
1993303
1993310
1993317
1993321
1993325
1993332
1993339
1993346
1993350
1993354
1993358
1993365
1993372
1993379
1993386
1993390
1993394
1993401
1993410
1993417
1993424
1993429
1993433
1993437
1993441
1993448
1993455
1993462
1993469
1993473
1993477
1993484
1993493
1993500
1993507
1993512
1993516
1993520
1993524
1993531
1993538
1993543
1993550
1993554
1993558
1993562
1993571
1993576
1993583
1993588
1993592
1993596
1993599
1993603
1993615
1993620
1993627
1993632
1993636
1993640
1993643
1993647
1993654
1993661
1993670
1993675
1993682
1993687
1993691
1993695
1993698
1993705
1993709
1993716
1993725
1993730
1993737
1993742
1993746
1993750
1993753
1993757
1993764
1993768
1993775
1993782
1993791
1993795
1993799
1993821
1993828
1993832
1993836
1993843
1993850
1993881
1994349
1994353
1994385
1994401
1994408
1994412
1994419
1994426
1994430
1994434
1994441
1994445
1994452
1994461
1994466
1994473
1994478
1994482
1994486
1994489
1994493
1994500
1994507
1994516
1994521
1994528
1994533
1994537
1994541
1994544
1994548
1994555
1994562
1994566
1994570
1994577
1994581
1994588
1994595
1994599
1994606
1994613
1994617
1994621
1994625
1994632
1994639
1994643
1994650
1994657
1994661
1994665
1994672
1994676
1994683
1994688
1994695
1994702
1994706
1994710
1994717
1994721
1994728
1994732
1994739
1994746
1994750
1994754
1994758
1994765
1994769
1994779
1994786
1994793
1994798
1994802
1994806
1994809
1994813
1994823
1994830
1994837
1994842
1994846
1994850
1994853
1994860
1994870
1994877
1994884
1994889
1994893
1994897
1994900
1994907
1994914
1994918
1994925
1994929
1994936
1994940
1994947
1994954
1994961
1994965
1994969
1994976
1994980
1994987
1994991
1994998
1995005
1995009
1995013
1995020
1995024
1995031
1995035
1995042
1995049
1995053
1995057
1995064
1995068
1995075
1995079
1995086
1995094
1995099
1995106
1995111
1995118
1995170
1995181
1995188
1995216
1995220
1995761
1995768
1995797
1995802
1995809
1995816
1995831
1995835
1995842
1995849
1995856
1995860
1995864
1995871
1995875
1995879
1995886
1995890
1995897
1995904
1995911
1995915
1995919
1995926
1995930
1995937
1995941
1995948
1995955
1995959
1995963
1995970
1995974
1995978
1995985
1995992
1995996
1996003
1996007
1996011
1996018
1996022
1996029
1996036
1996043
1996047
1996051
1996058
1996062
1996066
1996073
1996080
1996087
1996091
1996095
1996102
1996106
1996110
1996117
1996124
1996131
1996135
1996139
1996146
1996150
1996157
1996161
1996168
1996175
1996179
1996183
1996187
1996194
1996201
1996205
1996212
1996219
1996223
1996227
1996234
1996238
1996242
1996249
1996256
1996261
1996268
1996275
1996279
1996283
1996290
1996294
1996298
1996305
1996312
1996317
1996324
1996331
1996335
1996339
1996346
1996350
1996354
1996361
1996368
1996372
1996379
1996383
1996387
1996394
1996401
1996408
1996412
1996416
1996423
1996427
1996431
1996438
1996445
1996452
1996456
1996460
1996467
1996471
1996478
1996482
1996489
1996496
1996500
1996504
1996511
1996515
1996519
1996526
1996533
1996537
1996544
1996551
1996555
1996559
1996566
1996570
1996574
1996581
1996588
1996640
1996647
1996651
1996658
1997159
1997163
1997192
1997196
1997203
1997210
1997221
1997228
1997232
1997239
1997244
1997248
1997255
1997259
1997266
1997273
1997277
1997281
1997285
1997289
1997293
1997300
1997304
1997311
1997315
1997319
1997326
1997330
1997337
1997344
1997348
1997352
1997356
1997360
1997364
1997371
1997375
1997382
1997386
1997393
1997400
1997407
1997411
1997415
1997419
1997423
1997430
1997434
1997441
1997445
1997449
1997453
1997460
1997464
1997471
1997475
1997482
1997489
1997493
1997497
1997501
1997505
1997512
1997516
1997523
1997527
1997531
1997535
1997542
1997546
1997553
1997557
1997564
1997571
1997575
1997579
1997583
1997587
1997594
1997598
1997605
1997609
1997613
1997617
1997624
1997628
1997635
1997639
1997646
1997653
1997657
1997661
1997665
1997669
1997676
1997680
1997684
1997691
1997698
1997702
1997709
1997713
1997720
1997727
1997731
1997735
1997739
1997743
1997750
1997755
1997762
1997766
1997770
1997774
1997781
1997785
1997792
1997796
1997803
1997810
1997814
1997818
1997822
1997826
1997830
1997837
1997841
1997848
1997855
1997859
1997863
1997870
1997874
1997878
1997883
1997890
1997894
1997901
1997908
1997912
1997919
1997926
1997930
1997934
1997938
1997942
1997947
1997954
1997958
1997965
1997969
1997973
1997980
1997984
1997991
1997998
1998002
1998006
1998010
1998014
1998018
1998025
1998029
1998036
1998040
1998044
1998051
1998055
1998062
1998069
1998073
1998077
1998081
1998085
1998089
1998096
1998100
1998107
1998114
1998118
1998125
1998132
1998136
1998140
1998144
1998148
1998155
1998159
1998166
1998170
1998174
1998178
1998185
1998189
1998196
1998200
1998207
1998214
1998218
1998222
1998226
1998230
1998237
1998241
1998248
1998252
1998256
1998260
1998267
1998271
1998275
1998282
1998286
1998290
1998294
1998301
1998305
1998312
1998316
1998320
1998327
1998331
1998338
1998345
1998349
1998353
1998357
1998361
1998365
1998372
1998376
1998383
1998387
1998394
1998401
1998405
1998409
1998416
1998420
1998470
1998477
1998481
1998488
1998492
1998496
1998500
1998507
1998511
1998518
1998547
1998554
1998569
1999066
1999078
1999083
1999124
1999131
1999140
2000843
2000847
2000868
2000872
2000881
2000885
2000948
2000952
2001083
2001087
2001090
2001094
2001097
2001101
2001104
2001108
2001116
2001120
2001123
2001127
2001130
2001134
2001137
2005076
2005081
2005095
2005100
2005103
2005108
2005133
2005136
2005141
2005144
2005160
2005165
2005168
2005217
2005222
2006186
2006222
2006227
2006235
2006260
2006287
2006290
2006317
2006320
2006325
2006330
