1973568
1973575
1973587
1973594
1973599
1973603
1973607
1973611
1973618
1973625
1973629
1973636
1973643
1973650
1973654
1973661
1973671
1973675
1973687
1973694
1973699
1973703
1973710
1973714
1973721
1973731
1973738
1973742
1973746
1973753
1973757
1973764
1973769
1973776
1973780
1973792
1973799
1973804
1973808
1973816
1973820
1973824
1973827
1973834
1973841
1973845
1973852
1973859
1973863
1973870
1973877
1973882
1973885
1973892
1973901
1973908
1973912
1973916
1973923
1973927
1973937
1973941
1973946
1973949
1973956
1973962
1973969
1973976
1973980
1973984
1973991
1973998
1974003
1974007
1974011
1974014
1974026
1974033
1974043
1974047
1974054
1974058
1974070
1974077
1974082
1974086
1974090
1974094
1974101
1974108
1974115
1974122
1974126
1974130
1974137
1974144
1974151
1974158
1974168
1974172
1974184
1974191
1974196
1974200
1974207
1974211
1974218
1974225
1974230
1974237
1974244
1974248
1974255
1974260
1974267
1974271
1974283
1974290
1974295
1974299
1974303
1974307
1974314
1974321
1974328
1974335
1974339
1974343
1974350
1974354
1974361
1974365
1974372
1974376
1974383
1974387
1974399
1974406
1974411
1974415
1974419
1974423
1974430
1974437
1974441
1974448
1974455
1974459
1974466
1974470
1974477
1974481
1974491
1974495
1974499
1974503
1974510
1974517
1974524
1974531
1974535
1974539
1974546
1974550
1974557
1974561
1974568
1974572
1974584
1974591
1974596
1974600
1974607
1974611
1974618
1974625
1974629
1974636
1974640
1974645
1974649
1974653
1974660
1974665
1974672
1974676
1974688
1974695
1974700
1974704
1974708
1974712
1974719
1974726
1974733
1974740
1974744
1974748
1974753
1974756
1974760
1974764
1974772
1974776
1974781
1974784
1974791
1974797
1974802
1974805
1974815
1974822
1974827
1974831
1974835
1974838
1974844
1974851
1974857
1974862
1974866
1974873
1974877
1974883
1974889
1974894
1974897
1974904
1974911
1974919
1974923
1974927
1974930
1974937
1974940
1974945
1974949
1974953
1974957
1974964
1974969
1974974
1974978
1974983
1974987
1974990
1974994
1975001
1975006
1975011
1975016
1975020
1975024
1975031
1975038
1975045
1975049
1975053
1975056
1975068
1975075
1975085
1975089
1975096
1975100
1975110
1975114
1975121
1975125
1975137
1975144
1975149
1975153
1975157
1975161
1975169
1975174
1975181
1975186
1975190
1975196
1975199
1975209
1975216
1975220
1975225
1975229
1975236
1975240
1975244
1975251
1975258
1975262
1975269
1975273
1975280
1975287
1975291
1975298
1975310
1975317
1975322
1975326
1975330
1975334
1975341
1975345
1975352
1975356
1975363
1975370
1975374
1975381
1975385
1975392
1975396
1975403
1975407
1975414
1975418
1975430
1975437
1975442
1975446
1975450
1975454
1975461
1975464
1975469
1975474
1975478
1975482
1975486
1975493
1975497
1975504
1975511
1975515
1975522
1975526
1975533
1975537
1975544
1975548
1975558
1975562
1975566
1975570
1975577
1975580
1975585
1975590
1975594
1975598
1975603
1975608
1975612
1975616
1975623
1975627
1975634
1975638
1975645
1975649
1975656
1975660
1975672
1975679
1975684
1975688
1975695
1975699
1975704
1975709
1975718
1975722
1975732
1975736
1975743
1975747
1975754
1975759
1975771
1975778
1975783
1975787
1975794
1975798
1975805
1975811
1975818
1975824
1975829
1975833
1975840
1975844
1975851
1975855
1975862
1975866
1975873
1975878
1975890
1975897
1975902
1975906
1975913
1975917
1975924
1975930
1975937
1975943
1975947
1975951
1975958
1975962
1975969
1975973
1975980
1975984
1975991
1975996
1976008
1976015
1976020
1976024
1976031
1976035
1976042
1976048
1976054
1976061
1976065
1976069
1976076
1976080
1976087
1976091
1976098
1976102
1976109
1976114
1976126
1976133
1976138
1976142
1976149
1976153
1976160
1976166
1976176
1976180
1976184
1976194
1976198
1976205
1976209
1976216
1976221
1976233
1976240
1976245
1976249
1976256
1976260
1976267
1976274
1976281
1976288
1976293
1976297
1976307
1976311
1976318
1976322
1976329
1976334
1976346
1976353
1976358
1976362
1976369
1976373
1976380
1976387
1976394
1976401
1976406
1976410
1976417
1976421
1976425
1976430
1976434
1976438
1976443
1976447
1976459
1976466
1976471
1976475
1976482
1976486
1976493
1976499
1976506
1976513
1976517
1976521
1976526
1976529
1976534
1976538
1976548
1976555
1976560
1976564
1976569
1976572
1976579
1976585
1976589
1976593
1976603
1976610
1976615
1976619
1976623
1976626
1976633
1976639
1976645
1976652
1976656
1976660
1976664
1976668
1976678
1976685
1976690
1976694
1976698
1976701
1976708
1976714
1976721
1976726
1976730
1976733
1976740
1976744
1976751
1976757
1976761
1976765
1976775
1976782
1976787
1976791
1976795
1976798
1976805
1976811
1976817
1976822
1976826
1976829
1976836
1976840
1976846
1976853
1976857
1976861
1976868
1976875
1976879
1976883
1976889
1976896
1976902
1976907
1976911
1976914
1976919
1976922
1976932
1976939
1976944
1976948
1976952
1976955
1976961
1976968
1976972
1976976
1976983
1976987
1976992
1976995
1977000
1977003
1977015
1977022
1977027
1977031
1977035
1977039
1977044
1977047
1977054
1977061
1977069
1977073
1977077
1977080
1977083
1977088
1977091
1977096
1977103
1977110
1977115
1977118
1977121
1977126
1977129
1977134
1977141
1977148
1977156
1977160
1977164
1977167
1977170
1977175
1977181
1977186
1977189
1977193
1977199
1977203
1977207
1977219
1977224
1977234
1977241
1977246
1977250
1977254
1977257
1977269
1977274
1977282
1977286
1977290
1977293
1977297
1977301
1977305
1977312
1977322
1977329
1977334
1977338
1977342
1977345
1977353
1977360
1977367
1977371
1977375
1977381
1977385
1977392
1977399
1977403
1977407
1977412
1977415
1977420
1977423
1977433
1977440
1977445
1977449
1977453
1977456
1977461
1977464
1977469
1977472
1977477
1977480
1977490
1977497
1977502
1977506
1977510
1977513
1977518
1977521
1977526
1977529
1977539
1977546
1977551
1977555
1977559
1977562
1977567
1977570
1977573
1977578
1977588
1977595
1977600
1977604
1977608
1977611
1977614
1977619
1977622
1977627
1977637
1977644
1977649
1977653
1977657
1977660
1977663
1977668
1977671
1977676
1977686
1977693
1977698
1977702
1977706
1977709
1977712
1977717
1977727
1977734
1977739
1977743
1977747
1977750
1977755
1977760
1977770
1977777
1977782
1977786
1977790
1977793
1977802
1977809
1977815
1977820
1977825
1977828
1977833
1977839
1977843
1977846
1977856
1977863
1977868
1977872
1977876
1977879
1977885
1977892
1977896
1977900
1977910
1977917
1977922
1977926
1977930
1977933
1977940
1977943
1977948
1977952
1977956
1977959
1977966
1977970
1977975
1977978
1977983
1977986
1977993
1978000
1978004
1978008
1978013
1978016
1978026
1978033
1978038
1978042
1978046
1978049
1978056
1978059
1978064
1978068
1978072
1978075
1978082
1978086
1978091
1978094
1978099
1978102
1978112
1978119
1978124
1978128
1978132
1978135
1978140
1978143
1978146
1978151
1978161
1978168
1978173
1978177
1978181
1978184
1978189
1978192
1978199
1978203
1978208
1978211
1978214
1978219
1978224
1978227
1978237
1978244
1978249
1978253
1978257
1978260
1978263
1978268
1978273
1978276
1978288
1978295
1978300
1978304
1978308
1978312
1978315
1978320
1978330
1978334
1978339
1978342
1978347
1978350
1978353
1978358
1978363
1978366
1978373
1978377
1978384
1978391
1978399
1978403
1978407
1978410
1978415
1978418
1978421
1978426
1978431
1978434
1978437
1978442
1978449
1978456
1978464
1978468
1978472
1978475
1978480
1978483
1978486
1978491
1978498
1978505
1978510
1978514
1978518
1978521
1978533
1978540
1978550
1978554
1978559
1978563
1978573
1978580
1978585
1978589
1978593
1978596
1978603
1978608
1978612
1978615
1978625
1978632
1978637
1978641
1978645
1978648
1978659
1978665
1978675
1978679
1978684
1978688
1978692
1978696
1978701
1978708
1978712
1978716
1978720
1978724
1978731
1978741
1978748
1978753
1978757
1978761
1978764
1978767
1978772
1978782
1978789
1978794
1978798
1978802
1978805
1978810
1978813
1978818
1978823
1978833
1978840
1978845
1978849
1978853
1978856
1978861
1978864
1978867
1978872
1978875
1978878
1978885
1978889
1978894
1978897
1978900
1978905
1978910
1978913
1978918
1978921
1978925
1978932
1978942
1978949
1978954
1978958
1978962
1978965
1978970
1978973
1978978
1978981
1978991
1978998
1979003
1979007
1979011
1979014
1979019
1979022
1979027
1979030
1979040
1979047
1979052
1979056
1979060
1979063
1979066
1979071
1979074
1979079
1979089
1979096
1979101
1979105
1979109
1979112
1979115
1979120
1979123
1979128
1979138
1979145
1979150
1979154
1979158
1979161
1979166
1979169
1979176
1979180
1979185
1979188
1979191
1979196
1979201
1979204
1979211
1979218
1979222
1979226
1979231
1979234
1979237
1979242
1979249
1979256
1979260
1979264
1979267
1979272
1979275
1979280
1979287
1979294
1979298
1979302
1979305
1979310
1979315
1979318
1979328
1979335
1979340
1979344
1979348
1979351
1979356
1979359
1979364
1979367
1979374
1979378
1979383
1979386
1979393
1979400
1979404
1979408
1979413
1979416
1979419
1979424
1979429
1979432
1979442
1979449
1979454
1979458
1979462
1979465
1979470
1979473
1979476
1979481
1979491
1979498
1979503
1979507
1979511
1979514
1979517
1979522
1979525
1979530
1979537
1979541
1979546
1979549
1979552
1979557
1979567
1979574
1979579
1979583
1979587
1979590
1979595
1979598
1979608
1979615
1979620
1979624
1979628
1979631
1979636
1979639
1979642
1979647
1979652
1979655
1979662
1979666
1979671
1979674
1979677
1979682
1979694
1979701
1979706
1979710
1979714
1979718
1979723
1979726
1979729
1979734
1979739
1979742
1979752
1979756
1979761
1979764
1979769
1979772
1979775
1979780
1979785
1979788
1979798
1979805
1979809
1979813
1979820
1979827
1979832
1979836
1979840
1979843
1979848
1979851
1979854
1979859
1979864
1979867
1979871
1979877
1979884
1979891
1979896
1979900
1979904
1979907
1979919
1979926
1979936
1979940
1979945
1979949
1979959
1979966
1979971
1979975
1979979
1979982
1979989
1979996
1980001
1980004
1980008
1980015
1980025
1980032
1980037
1980041
1980045
1980048
1980060
1980065
1980075
1980079
1980083
1980087
1980092
1980096
1980100
1980104
1980108
1980111
1980121
1980128
1980133
1980137
1980141
1980144
1980152
1980157
1980161
1980168
1980173
1980176
1980179
1980184
1980191
1980198
1980202
1980206
1980211
1980214
1980217
1980222
1980229
1980236
1980240
1980244
1980249
1980252
1980259
1980266
1980270
1980274
1980279
1980282
1980285
1980290
1980295
1980298
1980308
1980315
1980320
1980324
1980328
1980331
1980336
1980339
1980342
1980347
1980354
1980361
1980365
1980369
1980374
1980377
1980382
1980385
1980392
1980399
1980403
1980407
1980412
1980415
1980420
1980423
1980430
1980437
1980441
1980445
1980450
1980453
1980458
1980461
1980468
1980475
1980479
1980483
1980488
1980491
1980496
1980499
1980506
1980513
1980517
1980521
1980526
1980529
1980532
1980537
1980547
1980554
1980559
1980563
1980567
1980570
1980575
1980578
1980588
1980595
1980600
1980604
1980608
1980611
1980614
1980619
1980622
1980627
1980631
1980638
1980641
1980646
1980649
1980654
1980661
1980668
1980672
1980676
1980681
1980684
1980687
1980692
1980699
1980706
1980710
1980714
1980717
1980722
1980727
1980730
1980740
1980747
1980752
1980756
1980760
1980763
1980768
1980771
1980774
1980779
1980783
1980790
1980795
1980798
1980805
1980812
1980816
1980820
1980823
1980828
1980833
1980836
1980843
1980850
1980854
1980858
1980863
1980866
1980869
1980874
1980884
1980891
1980896
1980900
1980904
1980907
1980914
1980918
1980921
1980926
1980929
1980934
1980941
1980945
1980950
1980953
1980956
1980961
1980968
1980975
1980979
1980983
1980988
1980991
1980998
1981002
1981007
1981010
1981013
1981018
1981023
1981026
1981029
1981034
1981041
1981048
1981052
1981056
1981061
1981064
1981067
1981072
1981079
1981083
1981088
1981091
1981096
1981099
1981106
1981110
1981115
1981125
1981132
1981136
1981140
1981150
1981154
1981159
1981163
1981167
1981170
1981177
1981181
1981189
1981196
1981203
1981208
1981213
1981216
1981226
1981230
1981237
1981241
1981248
1981252
1981262
1981269
1981274
1981278
1981282
1981285
1981297
1981302
1981307
1981311
1981315
1981318
1981322
1981329
1981339
1981346
1981351
1981355
1981359
1981362
1981373
1981378
1981386
1981390
1981394
1981397
1981401
1981405
1981415
1981422
1981427
1981431
1981435
1981438
1981443
1981446
1981451
1981455
1981458
1981463
1981473
1981480
1981485
1981489
1981493
1981496
1981503
1981507
1981512
1981515
1981520
1981523
1981530
1981534
1981539
1981542
1981545
1981550
1981557
1981564
1981568
1981572
1981577
1981580
1981587
1981594
1981598
1981602
1981607
1981610
1981613
1981618
1981623
1981626
1981633
1981640
1981644
1981648
1981653
1981656
1981659
1981664
1981671
1981678
1981682
1981686
1981689
1981694
1981697
1981702
1981709
1981716
1981720
1981724
1981727
1981732
1981735
1981740
1981747
1981754
1981758
1981762
1981767
1981770
1981775
1981778
1981785
1981792
1981796
1981800
1981805
1981808
1981815
1981822
1981826
1981830
1981837
1981841
1981846
1981851
1981858
1981865
1981869
1981873
1981880
1981884
1981889
1981892
1981897
1981900
1981907
1981911
1981916
1981919
1981924
1981927
1981934
1981941
1981945
1981949
1981952
1981957
1981960
1981965
1981972
1981979
1981983
1981987
1981994
1981997
1982005
1982009
1982016
1982023
1982027
1982031
1982038
1982042
1982047
1982050
1982055
1982062
1982066
1982069
1982076
1982083
1982087
1982091
1982096
1982101
1982106
1982109
1982116
1982123
1982127
1982131
1982138
1982142
1982147
1982150
1982154
1982161
1982166
1982171
1982174
1982179
1982186
1982190
1982197
1982204
1982208
1982212
1982215
1982220
1982223
1982228
1982235
1982239
1982246
1982253
1982257
1982261
1982266
1982269
1982272
1982277
1982284
1982288
1982292
1982299
1982304
1982307
1982312
1982315
1982322
1982326
1982333
1982340
1982344
1982348
1982355
1982359
1982364
1982367
1982372
1982375
1982382
1982386
1982390
1982397
1982402
1982405
1982410
1982413
1982420
1982424
1982432
1982435
1982439
1982443
1982448
1982451
1982455
1982460
1982467
1982471
1982476
1982483
1982490
1982498
1982502
1982506
1982509
1982515
1982521
1982526
1982532
1982542
1982549
1982557
1982561
1982565
1982568
1982575
1982579
1982586
1982590
1982597
1982601
1982608
1982615
1982622
1982629
1982633
1982637
1982641
1982645
1982657
1982662
1982667
1982671
1982675
1982678
1982685
1982689
1982696
1982703
1982707
1982711
1982718
1982722
1982730
1982735
1982739
1982746
1982753
1982760
1982764
1982768
1982775
1982779
1982785
1982788
1982793
1982797
1982804
1982809
1982814
1982819
1982822
1982829
1982836
1982840
1982844
1982847
1982852
1982855
1982860
1982867
1982874
1982878
1982882
1982889
1982893
1982896
1982901
1982904
1982909
1982916
1982923
1982927
1982931
1982938
1982942
1982947
1982950
1982957
1982964
1982968
1982972
1982979
1982983
1982986
1982991
1982996
1982999
1983006
1983010
1983017
1983024
1983028
1983032
1983037
1983040
1983045
1983048
1983055
1983059
1983066
1983073
1983077
1983081
1983086
1983089
1983094
1983097
1983104
1983108
1983115
1983122
1983126
1983130
1983137
1983141
1983146
1983149
1983154
1983157
1983164
1983168
1983175
1983182
1983186
1983190
1983197
1983201
1983206
1983209
1983214
1983218
1983225
1983229
1983233
1983240
1983245
1983248
1983255
1983262
1983269
1983276
1983280
1983284
1983289
1983292
1983297
1983300
1983304
1983308
1983315
1983322
1983329
1983336
1983340
1983344
1983349
1983352
1983357
1983360
1983364
1983368
1983378
1983382
1983389
1983396
1983400
1983404
1983409
1983412
1983417
1983420
1983424
1983428
1983435
1983442
1983449
1983453
1983457
1983464
1983468
1983475
1983479
1983483
1983490
1983494
1983501
1983508
1983515
1983522
1983526
1983530
1983535
1983542
1983549
1983556
1983560
1983564
1983571
1983575
1983587
1983591
1983598
1983605
1983610
1983615
1983619
1983627
1983631
1983638
1983645
1983649
1983653
1983660
1983664
1983668
1983675
1983682
1983689
1983693
1983697
1983704
1983708
1983712
1983719
1983726
1983733
1983737
1983741
1983748
1983752
1983759
1983763
1983767
1983774
1983781
1983785
1983789
1983795
1983799
1983806
1983809
1983814
1983817
1983822
1983829
1983833
1983840
1983844
1983849
1983852
1983857
1983860
1983867
1983871
1983876
1983879
1983884
1983887
1983891
1983898
1983903
1983910
1983914
1983922
1983925
1983932
1983936
1983942
1983946
1983949
1983955
1983962
1983969
1983976
1983983
1983987
1983991
1983995
1983999
1984006
1984013
1984017
1984024
1984031
1984035
1984039
1984043
1984050
1984054
1984061
1984065
1984072
1984079
1984086
1984093
1984097
1984101
1984105
1984109
1984114
1984123
1984128
1984132
1984139
1984146
1984150
1984154
1984161
1984165
1984172
1984175
1984179
1984184
1984191
1984198
1984202
1984206
1984213
1984217
1984222
1984225
1984230
1984233
1984240
1984247
1984251
1984255
1984262
1984266
1984269
1984274
1984279
1984282
1984286
1984293
1984298
1984301
1984308
1984312
1984319
1984323
1984330
1984337
1984341
1984345
1984352
1984356
1984360
1984367
1984374
1984378
1984385
1984392
1984396
1984400
1984407
1984411
1984415
1984422
1984429
1984433
1984440
1984444
1984451
1984458
1984462
1984466
1984473
1984477
1984484
1984488
1984492
1984499
1984506
1984510
1984517
1984524
1984528
1984532
1984539
1984543
1984550
1984554
1984558
1984565
1984569
1984576
1984583
1984587
1984591
1984598
1984605
1984612
1984616
1984620
1984627
1984631
1984638
1984642
1984646
1984653
1984660
1984667
1984671
1984675
1984682
1984686
1984693
1984697
1984701
1984708
1984715
1984722
1984726
1984730
1984737
1984741
1984748
1984752
1984756
1984763
1984770
1984777
1984781
1984785
1984792
1984796
1984803
1984807
1984814
1984821
1984828
1984835
1984839
1984843
1984847
1984851
1984858
1984862
1984870
1984877
1984881
1984885
1984892
1984899
1984903
1984910
1984914
1984919
1984926
1984933
1984937
1984944
1984951
1984955
1984959
1984966
1984970
1984977
1984981
1984985
1984992
1984999
1985003
1985010
1985017
1985021
1985025
1985032
1985036
1985043
1985048
1985052
1985059
1985063
1985070
1985077
1985081
1985088
1985092
1985099
1985106
1985110
1985114
1985121
1985125
1985132
1985136
1985140
1985147
1985154
1985158
1985165
1985172
1985176
1985180
1985187
1985191
1985198
1985202
1985206
1985213
1985220
1985224
1985231
1985238
1985242
1985246
1985253
1985257
1985264
1985268
1985272
1985279
1985286
1985290
1985294
1985301
1985308
1985312
1985316
1985323
1985330
1985334
1985341
1985348
1985352
1985356
1985363
1985367
1985374
1985378
1985382
1985389
1985396
1985400
1985404
1985411
1985418
1985422
1985426
1985432
1985442
1985446
1985453
1985457
1985460
1985465
1985468
1985473
1985477
1985481
1985491
1985495
1985505
1985509
1985516
1985520
1985525
1985529
1985534
1985537
1985542
1985545
1985549
1985553
1985560
1985564
1985571
1985575
1985581
1985584
1985588
1985591
1985596
1985599
1985606
1985610
1985615
1985619
1985622
1985629
1985636
1985640
1985647
1985654
1985661
1985665
1985672
1985676
1985683
1985690
1985694
1985698
1985702
1985706
1985713
1985719
1985723
1985730
1985737
1985741
1985745
1985749
1985753
1985760
1985767
1985771
1985778
1985785
1985789
1985793
1985800
1985804
1985808
1985813
1985816
1985823
1985828
1985835
1985842
1985846
1985850
1985857
1985861
1985866
1985873
1985880
1985884
1985888
1985895
1985899
1985904
1985907
1985914
1985921
1985925
1985932
1985939
1985946
1985950
1985954
1985961
1985965
1985972
1985976
1985980
1985987
1985994
1985998
1986005
1986012
1986019
1986026
1986030
1986034
1986038
1986042
1986049
1986053
1986057
1986064
1986071
1986075
1986082
1986089
1986096
1986103
1986107
1986111
1986115
1986119
1986126
1986130
1986134
1986141
1986148
1986152
1986159
1986166
1986173
1986180
1986184
1986188
1986192
1986196
1986203
1986207
1986214
1986221
1986228
1986235
1986242
1986249
1986253
1986257
1986261
1986265
1986272
1986276
1986280
1986287
1986291
1986295
1986302
1986309
1986316
1986323
1986330
1986337
1986341
1986345
1986349
1986353
1986360
1986364
1986368
1986375
1986379
1986383
1986390
1986397
1986404
1986411
1986415
1986422
1986426
1986430
1986437
1986441
1986445
1986452
1986456
1986460
1986467
1986474
1986482
1986486
1986490
1986497
1986504
1986511
1986515
1986519
1986526
1986530
1986537
1986541
1986545
1986552
1986556
1986560
1986567
1986571
1986578
1986582
1986590
1986594
1986601
1986608
1986612
1986616
1986623
1986627
1986634
1986638
1986642
1986649
1986653
1986657
1986664
1986671
1986679
1986683
1986690
1986694
1986701
1986708
1986712
1986716
1986720
1986724
1986731
1986735
1986739
1986746
1986751
1986755
1986762
1986769
1986776
1986780
1986784
1986791
1986795
1986799
1986806
1986810
1986814
1986821
1986826
1986830
1986837
1986844
1986851
1986858
1986862
1986866
1986873
1986877
1986884
1986888
1986892
1986899
1986904
1986908
1986916
1986923
1986930
1986937
1986941
1986945
1986952
1986956
1986963
1986967
1986972
1986979
1986986
1986990
1986997
1987004
1987011
1987018
1987022
1987026
1987030
1987034
1987041
1987045
1987049
1987056
1987060
1987064
1987071
1987075
1987083
1987087
1987091
1987098
1987102
1987109
1987113
1987117
1987124
1987128
1987132
1987139
1987143
1987147
1987154
1987158
1987165
1987169
1987176
1987180
1987187
1987194
1987198
1987202
1987206
1987210
1987217
1987221
1987225
1987232
1987236
1987240
1987247
1987254
1987261
1987268
1987272
1987276
1987283
1987287
1987294
1987298
1987302
1987309
1987314
1987318
1987326
1987333
1987340
1987347
1987351
1987355
1987362
1987366
1987373
1987377
1987381
1987388
1987393
1987397
1987405
1987412
1987419
1987426
1987430
1987434
1987441
1987445
1987452
1987456
1987460
1987467
1987472
1987476
1987483
1987487
1987495
1987499
1987503
1987510
1987517
1987521
1987525
1987532
1987536
1987540
1987547
1987551
1987555
1987562
1987567
1987571
1987578
1987582
1987586
1987593
1987597
1987601
1987608
1987612
1987616
1987620
1987627
1987634
1987638
1987642
1987647
1987650
1987654
1987657
1987667
1987671
1987679
1987683
1987690
1987697
1987701
1987708
1987712
1987719
1987726
1987733
1987740
1987744
1987748
1987752
1987756
1987761
1987765
1987770
1987774
1987778
1987781
1987789
1987796
1987800
1987807
1987814
1987821
1987825
1987829
1987836
1987840
1987847
1987854
1987859
1987863
1987870
1987874
1987881
1987888
1987895
1987902
1987906
1987910
1987914
1987918
1987925
1987930
1987934
1987941
1987945
1987949
1987953
1987960
1987965
1987969
1987976
1987980
1987987
1987991
1987998
1988005
1988009
1988013
1988017
1988021
1988028
1988032
1988036
1988043
1988047
1988051
1988055
1988062
1988069
1988073
1988080
1988084
1988088
1988095
1988100
1988104
1988111
1988118
1988122
1988126
1988133
1988137
1988144
1988148
1988152
1988159
1988164
1988168
1988175
1988182
1988186
1988190
1988197
1988201
1988208
1988212
1988216
1988223
1988228
1988232
1988239
1988246
1988250
1988254
1988261
1988265
1988272
1988276
1988280
1988287
1988292
1988296
1988303
1988310
1988314
1988318
1988325
1988329
1988336
1988340
1988344
1988351
1988356
1988360
1988367
1988371
1988376
1988379
1988383
1988386
1988390
1988394
1988399
1988402
1988405
1988415
1988420
1988424
1988429
1988436
1988440
1988443
1988447
1988452
1988456
1988459
1988462
1988465
1988469
1988472
1988476
1988479
1988482
1988484
1988487
1988489
1988492
1988495
1988500
1988504
1988508
1988513
1988516
1988520
1988523
1988527
1988530
1988534
1988538
1988541
1988544
1988546
1988550
1988552
1988555
1988557
1988561
1988565
1988568
1988571
1988574
1988577
1988581
1988583
1988586
1988588
1988592
1988594
1988598
1988600
1988603
1988605
1988609
1988612
1988616
1988619
1988624
1988627
1988631
1988635
1988639
1988642
1988646
1988649
1988652
1988656
1988659
1988663
1988666
1988670
1988673
1988677
1988680
1988684
1988687
1988691
1988694
1988698
1988701
1988705
1988708
1988712
1988715
1988719
1988722
1988726
1988729
1988733
1988736
1988740
1988743
1988747
1988750
1988754
1988757
1988761
1988764
1988768
1988771
1988775
1988778
1988782
1988785
1988788
1988790
1988793
1988795
1988798
1988800
1988803
1988805
1988808
1988810
1988813
1988815
1988819
1988822
1988826
1988829
1988833
1988836
1988840
1988843
1988847
1988850
1988854
1988857
1988861
1988864
1988868
1988872
1988876
1988879
1988883
1988886
1988890
1988893
1988897
1988900
1988904
1988907
1988911
1988914
1988918
1988921
1988925
1988928
1988932
1988935
1988939
1988942
1988946
1988949
1988953
1988956
1988960
1988963
1988967
1988970
1988974
1988977
1988981
1988984
1988989
1988992
1988996
1988999
1989003
1989006
1989010
1989013
2001201
2001208
2001220
2001227
2001235
2001240
2001245
2001250
2001257
2001264
2001268
2001275
2001282
2001285
2001289
2001293
2001298
2001303
2001308
2001313
2001320
2001327
2001334
2001338
2001345
2001349
2001353
2001360
2001365
2001370
2001374
2001378
2001390
2001397
2001402
2001406
2001413
2001420
2001424
2001428
2001435
2001439
2001446
2001450
2001454
2001461
2001466
2001471
2001475
2001479
2001484
2001489
2001496
2001503
2001510
2001517
2001521
2001525
2001532
2001536
2001543
2001547
2001554
2001558
2001567
2001571
2001578
2001585
2001592
2001599
2001603
2001607
2001614
2001618
2001625
2001629
2001639
2001643
2001648
2001652
2001659
2001666
2001673
2001680
2001684
2001688
2001695
2001699
2001706
2001710
2001722
2001728
2001733
2001737
2001741
2001745
2001752
2001759
2001766
2001773
2001777
2001781
2001788
2001792
2001802
2001806
2001810
2001814
2001821
2001828
2001835
2001842
2001846
2001850
2001862
2001869
2001874
2001878
2001885
2001889
2001896
2001903
2001908
2001915
2001927
2001934
2001939
2001943
2001950
2001954
2001961
2001968
2001975
2001982
2001986
2001990
2001997
2002002
2002009
2002013
2002025
2002032
2002037
2002041
2002045
2002049
2002056
2002063
2002070
2002077
2002081
2002085
2002092
2002096
2002103
2002107
2002119
2002126
2002131
2002135
2002139
2002143
2002150
2002157
2002164
2002171
2002175
2002179
2002189
2002193
2002200
2002204
2002211
2002218
2002225
2002232
2002237
2002241
2002253
2002260
2002265
2002269
2002276
2002280
2002287
2002294
2002299
2002306
2002313
2002317
2002329
2002336
2002341
2002345
2002349
2002353
2002360
2002367
2002374
2002381
2002385
2002389
2002396
2002400
2002407
2002411
2002423
2002430
2002435
2002439
2002443
2002447
2002454
2002461
2002468
2002475
2002479
2002483
2002490
2002494
2002501
2002505
2002517
2002524
2002529
2002533
2002537
2002541
2002548
2002555
2002562
2002569
2002573
2002577
2002584
2002588
2002595
2002599
2002611
2002617
2002622
2002626
2002630
2002634
2002641
2002648
2002655
2002662
2002666
2002670
2002677
2002681
2002688
2002692
2002704
2002710
2002715
2002719
2002723
2002727
2002734
2002741
2002748
2002755
2002759
2002763
2002770
2002774
2002781
2002785
2002792
2002798
2002802
2002809
2002817
2002822
2002827
2002832
2002839
2002846
2002853
2002860
2002864
2002868
2002875
2002879
2002883
2002890
2002897
2002900
2002904
2002908
2002913
2002918
2002923
2002928
2002935
2002942
2002946
2002953
2002960
2002964
2002969
2002973
2002977
2002981
2002986
2002991
2002995
2002999
2003006
2003013
2003020
2003027
2003031
2003035
2003042
2003046
2003053
2003057
2003062
2003067
2003071
2003075
2003080
2003085
2003092
2003099
2003106
2003110
2003117
2003121
2003128
2003133
2003140
2003144
2003149
2003154
2003158
2003162
2003174
2003181
2003186
2003190
2003197
2003204
2003208
2003212
2003219
2003226
2003230
2003234
2003241
2003248
2003252
2003256
2003263
2003270
2003274
2003278
2003285
2003292
2003297
2003302
2003307
2003311
2003316
2003319
2003326
2003329
2003334
2003337
2003344
2003348
2003353
2003356
2003361
2003364
2003367
2003372
2003379
2003383
2003388
2003391
2003401
2003405
2003409
2003413
2003418
2003421
2003426
2003429
2003436
2003443
2003447
2003451
2003456
2003459
2003464
2003469
2003476
2003483
2003490
2003497
2003501
2003505
2003509
2003513
2003517
2003522
2003526
2003529
2003534
2003539
2003546
2003553
2003560
2003567
2003571
2003575
2003579
2003583
2003588
2003593
2003597
2003601
2003606
2003611
2003618
2003625
2003629
2003636
2003640
2003644
2003648
2003652
2003659
2003665
2003669
2003673
2003680
2003687
2003694
2003701
2003705
2003709
2003716
2003720
2003724
2003728
2003733
2003739
2003743
2003746
2003753
2003760
2003767
2003774
2003778
2003782
2003789
2003793
2003797
2003801
2003810
2003816
2003821
2003825
2003829
2003832
2003839
2003846
2003850
2003857
2003861
2003865
2003874
2003880
2003885
2003889
2003893
2003896
2003903
2003910
2003917
2003924
2003928
2003932
2003939
2003943
2003947
2003951
2003962
2003968
2003973
2003977
2003981
2003985
2003992
2003999
2004006
2004013
2004017
2004021
2004028
2004032
2004036
2004040
2004051
2004057
2004062
2004066
2004070
2004074
2004081
2004088
2004095
2004102
2004107
2004111
2004118
2004122
2004126
2004130
2004141
2004147
2004152
2004156
2004160
2004164
2004171
2004178
2004183
2004190
2004197
2004201
2004205
2004209
2004217
2004221
2004224
2004231
2004238
2004245
2004252
2004256
2004260
2004267
2004271
2004275
2004279
2004286
2004292
2004296
2004300
2004308
2004313
2004318
2004323
2004330
2004337
2004344
2004351
2004355
2004359
2004366
2004370
2004376
2004379
2004383
2004386
2004391
2004396
2004403
2004410
2004417
2004424
2004429
2004433
2004440
2004444
2004450
2004453
2004457
2004460
2004465
2004470
2004477
2004484
2004491
2004498
2004503
2004507
2004514
2004518
2004524
2004527
2004531
2004534
2004537
2004542
2004549
2004556
2004563
2004570
2004575
2004579
2004586
2004590
2004593
2004598
2004605
2004612
2004619
2004626
2004631
2004635
2004642
2004646
2004649
2004654
2004659
2004662
2004665
2004670
2004677
2004684
2004691
2004698
2004703
2004707
2004714
2004718
2004722
2004726
2004731
2004734
2004741
2004748
2004755
2004762
2004766
2004770
2004774
2004778
2004781
2004786
2004789
2004794
2004801
2004808
2004815
2004820
2004824
2004828
2004832
2004835
2004838
2004843
2004848
2004851
2004855
2004862
2004866
2004873
2004880
2004884
2004891
2004895
2004902
2004906
2004910
2004917
2004920
2004925
2004929
2004933
2004940
2004943
2004950
2004953
2004958
2004961
2004973
2004980
2004985
2004989
2004994
2004997
2005002
2005005
2005008
2005013
2005018
2005021
2005028
2005033
2005037
2005040
2005043
2005048
2005053
2005056
2005060
2005067
2005072
2005075
2005080
2005083
2005087
2005094
2005099
2005102
2005107
2005110
2005117
2005121
2005128
2005132
2005135
2005140
2005143
2005148
2005155
2005159
2005164
2005167
2005172
2005175
2005182
2005189
2005196
2005201
2005205
2005208
2005211
2005216
2005221
2005224
2005228
2005235
2005242
2005246
2005251
2005254
2005259
2005262
2005269
2005273
2005280
2005284
2005289
2005292
2005299
2005303
2005308
2005313
2005316
2005321
2005328
2005332
2005339
2005343
2005346
2005351
2005354
2005359
2005366
2005370
2005377
2005381
2005384
2005389
2005392
2005397
2005401
2005408
2005415
2005419
2005422
2005427
2005432
2005437
2005441
2005448
2005452
2005457
2005461
2005464
2005469
2005476
2005480
2005487
2005491
2005494
2005499
2005506
2005510
2005517
2005521
2005524
2005529
2005534
2005537
2005544
2005548
2005555
2005559
2005564
2005567
2005572
2005575
2005582
2005586
2005593
2005597
2005600
2005605
2005608
2005613
2005620
2005624
2005631
2005635
2005638
2005643
2005650
2005654
2005661
2005665
2005670
2005673
2005676
2005681
2005686
2005689
2005696
2005700
2005707
2005711
2005714
2005719
2005724
2005727
2005734
2005738
2005745
2005749
2005754
2005757
2005764
2005768
2005775
2005779
2005782
2005787
2005792
2005795
2005802
2005806
2005813
2005817
2005820
2005825
2005832
2005839
2005846
2005853
2005857
2005861
2005868
2005875
2005879
2005883
2005890
2005897
2005901
2005905
2005912
2005919
2005923
2005927
2005934
2005941
2005946
2005950
2005954
2005957
2005962
2005967
2005979
2005984
2005989
2005993
2005997
2006000
2006005
2006008
2006013
2006016
2006023
2006027
2006030
2006035
2006040
2006043
2006048
2006051
2006063
2006070
2006080
2006084
2006091
2006095
2006100
2006104
2006109
2006112
2006115
2006120
2006125
2006128
2006135
2006142
2006149
2006156
2006160
2006164
2006169
2006172
2006175
2006180
2006185
2006188
2006195
2006202
2006209
2006214
2006218
2006221
2006226
2006229
2006234
2006237
2006241
2006248
2006255
2006259
2006262
2006267
2006272
2006275
2006279
2006286
2006289
2006294
2006299
2006302
2006312
2006316
2006319
2006324
2006329
2006332
2006339
2006343
2006350
2006354
2006357
2006362
2006367
2006370
2006377
2006381
2006388
2006392
2006397
2006400
2006405
2006409
2006416
2006420
2006425
2006428
2006433
2006436
2006443
2006447
2006454
2006458
2006461
2006466
2006469
2006474
2006481
2006485
2006492
2006496
2006499
2006504
2006511
2006515
2006520
2006525
2006532
2006539
2006546
2006551
2006555
2006558
2006563
2006568
2006571
2006576
2006580
2006587
2006594
2006598
2006601
2006606
2006613
2006617
2006624
2006628
2006633
2006636
2006641
2006644
2006651
2006655
2006662
2006666
2006671
2006674
2006679
2006682
2006689
2006693
2006700
2006704
2006709
2006712
2006717
2006720
2006727
2006731
2006738
2006742
2006747
2006750
2006757
2006761
2006768
2006772
2006777
2006780
2006785
2006788
2006795
2006799
2006806
2006810
2006813
2006818
2006823
2006826
2006833
2006837
2006844
2006848
2006851
2006856
2006863
2006867
2006874
2006878
2006883
2006886
2006891
2006894
2006901
2006905
2006912
2006916
2006921
2006924
2006929
2006933
2006940
2006947
2006951
2006959
2006963
2006968
2006975
2006982
2006986
2006993
2006997
2007004
2007014
2007021
2007025
2007029
2007036
2007043
2007047
2007051
2007058
2007065
2007070
2007074
2007078
2007081
2007088
2007095
2007102
2007109
2007113
2007117
2007124
2007131
2007136
2007140
2007144
2007147
2007155
2007162
2007165
2007177
2007184
2007189
2007193
2007198
2007202
2007208
2007212
2007219
2007226
2007233
2007238
2007241
2007244
2007249
2007261
2007268
2007278
2007282
2007287
2007291
2007296
2007300
2007304
2007308
2007312
2007315
2007318
2007323
2007328
2007331
2007334
2007339
2007346
2007353
2007360
2007365
2007369
2007372
2007377
2007380
2007383
2007388
2007392
2007399
2007402
2007407
2007410
2007415
2007422
2007429
2007436
2007441
2007445
2007448
2007451
2007456
2007459
2007464
2007471
2007478
2007485
2007490
2007494
2007497
2007502
2007505
2007512
2007519
2007526
2007531
2007535
2007538
2007541
2007546
2007551
2007554
2007559
2007566
2007573
2007577
2007580
2007585
2007588
2007593
2007600
2007604
2007611
2007615
2007620
2007623
2007626
2007631
2007638
2007642
2007649
2007653
2007658
2007661
2007664
2007669
2007676
2007680
2007685
2007688
2007693
2007696
2007703
2007707
2007714
2007718
2007721
2007726
2007731
2007734
2007741
2007745
2007752
2007756
2007759
2007764
2007769
2007773
2007777
2007784
2007787
2007792
2007797
2007801
2007808
2007812
2007816
2007823
2007830
2007834
2007837
2007842
2007847
2007850
2007857
2007861
2007868
2007872
2007875
2007880
2007887
2007891
2007898
2007902
2007907
2007910
2007913
2007918
2007925
2007929
2007936
2007940
2007945
2007948
2007953
2007956
2007963
2007967
2007974
2007978
2007981
2007986
2007991
2007994
2008001
2008005
2008012
2008016
2008019
2008024
2008031
2008035
2008042
2008046
2008051
2008054
2008059
2008062
2008069
2008073
2008080
2008084
2008091
2008094
2008101
2008105
2008112
2008116
2008121
2008124
2008131
2008135
2008142
2008146
2008151
2008154
2008159
2008162
2008169
2008173
2008180
2008184
2008189
2008192
2008196
2008201
2008208
2008212
2008217
2008224
2008231
2008238
2008243
2008247
2008250
2008258
2008266
2008270
2008276
2008280
2008284
2008291
2008298
2008302
2008309
2008313
2008323
2008330
2008334
2008338
2008345
2008352
2008357
2008361
2008365
2008368
2008375
2008382
2008389
2008396
2008400
2008404
2008411
2008415
2008425
2008429
2008434
2008438
2008442
2008445
2008450
2008453
2008458
2008463
2008475
2008480
2008485
2008489
2008493
2008496
2008503
2008507
2008510
2008515
2008522
2008526
2008532
2008535
2008538
2008543
2008555
2008560
2008565
2008569
2008573
2008576
2008581
2008584
2008594
2008598
2008602
2008606
2008611
2008614
2008619
2008622
2008625
2008630
2008637
2008641
2008648
2008652
2008655
2008660
2008663
2008668
2008672
2008679
2008682
2008687
2008690
2008695
2008702
2008706
2008710
2008717
2008724
2008728
2008731
2008736
2008743
2008747
2008750
2008755
2008762
2008766
2008773
2008777
2008780
2008785
2008792
2008796
2008803
2008807
2008814
2008818
2008823
2008826
2008831
2008834
2008841
2008845
2008852
2008856
2008861
2008864
2008869
2008872
2008879
2008883
2008887
2008894
2008899
2008902
2008907
2008910
2008917
2008921
2008925
2008932
2008939
2008943
2008948
2008951
2008958
2008962
2008967
2008972
2008977
2008980
2008987
2008991
2008995
2009002
2009009
2009013
2009016
2009021
2009028
2009032
2009036
2009043
2009050
2009054
2009059
2009064
2009072
2009076
2009083
2009087
2009091
2009098
2009105
2009109
2009114
2009119
2009122
2009127
2009134
2009138
2009141
2009146
2009149
2009154
2009161
2009165
2009169
2009176
2009183
2009187
2009190
2009195
2009202
2009206
2009213
2009217
2009221
2009228
2009235
2009239
2009244
2009247
2009252
2009255
2009262
2009266
2009273
2009277
2009282
2009285
2009290
2009293
2009300
2009304
2009311
2009315
2009318
2009323
2009326
2009331
2009338
2009342
2009349
2009353
2009356
2009361
2009368
2009372
2009379
2009383
2009390
2009394
2009399
2009402
2009407
2009410
2009417
2009421
2009428
2009432
2009438
2009441
2009446
2009449
2009456
2009460
2009467
2009471
2009476
2009479
2009486
2009490
2009497
2009501
2009506
2009509
2009512
2009517
2009522
2009529
2009533
2009540
2009544
2009549
2009552
2009557
2009560
2009564
2009571
2009576
2009582
2009589
2009593
2009597
2009604
2009611
2009615
2009622
2009626
2009630
2009637
2009644
2009648
2009652
2009659
2009666
2009670
2009677
2009684
2009691
2009695
2009704
2009711
2009716
2009720
2009723
2009730
2009742
2009749
2009756
2009763
2009768
2009772
2009779
2009786
2009791
2009795
2009802
2009809
2009813
2009817
2009822
2009827
2009834
2009841
2009845
2009849
2009856
2009860
2009863
2009868
2009875
2009882
2009886
2009890
2009897
2009901
2009906
2009909
2009912
2009917
2009920
2009925
2009932
2009936
2009940
2009947
2009951
2009955
2009960
2009963
2009968
2009971
2009978
2009982
2009986
2009993
2010000
2010004
2010011
2010015
2010022
2010026
2010033
2010037
2010044
2010048
2010055
2010059
2010063
2010070
2010077
2010081
2010088
2010095
2010099
2010103
2010110
2010114
2010118
2010125
2010132
2010136
2010143
2010150
2010154
2010158
2010165
2010169
2010173
2010180
2010187
2010191
2010198
2010205
2010209
2010213
2010220
2010224
2010228
2010235
2010242
2010246
2010250
2010257
2010264
2010271
2010275
2010279
2010286
2010290
2010297
2010304
2010308
2010312
2010319
2010323
2010327
2010334
2010341
2010345
2010352
2010359
2010364
2010368
2010375
2010379
2010386
2010390
2010394
2010401
2010408
2010412
2010419
2010426
2010430
2010434
2010441
2010445
2010452
2010456
2010460
2010467
2010471
2010478
2010485
2010489
2010496
2010500
2010507
2010514
2010519
2010523
2010530
2010534
2010541
2010545
2010549
2010556
2010563
2010567
2010574
2010581
2010585
2010589
2010596
2010600
2010607
2010611
2010615
2010622
2010626
2010633
2010640
2010644
2010651
2010658
2010662
2010666
2010673
2010677
2010681
2010688
2010695
2010699
2010706
2010713
2010717
2010721
2010728
2010732
2010736
2010743
2010750
2010754
2010761
2010768
2010772
2010776
2010783
2010787
2010791
2010798
2010805
2010809
2010813
2010820
2010827
2010831
2010835
2010842
2010849
2010853
2010860
2010867
2010871
2010875
2010882
2010886
2010890
2010897
2010904
2010908
2010915
2010922
2010926
2010930
2010937
2010941
2010945
2010952
2010959
2010963
2010970
2010977
2010981
2010985
2010992
2010996
2011000
2011007
2011014
2011018
2011025
2011029
2011036
2011043
2011047
2011051
2011058
2011065
2011069
2011072
2011077
2011082
2011085
2011092
2011096
2011100
2011107
2011114
2011118
2011123
2011126
2011133
2011137
2011142
2011149
2011153
2011157
2011164
2011171
2011175
2011179
2011186
2011192
2011200
2011204
2011209
2011213
2011220
2011224
2011229
2011236
2011243
2011247
2011254
2011258
2011266
2011269
2011276
2011280
2011285
2011288
2011293
2011296
2011306
2011310
2011315
2011319
2011324
2011327
2011334
2011338
2011348
2011355
2011359
2011363
2011368
2011371
2011383
2011390
2011397
2011404
2011411
2011418
2011425
2011429
2011436
2011440
2011446
2011451
2011455
2011459
2011463
2011466
2011471
2011475
2011482
2011485
2011490
2011497
2011501
2011508
2011515
2011519
2011523
2011530
2011534
2011539
2011542
2011547
2011550
2011555
2011558
2011565
2011569
2011573
2011580
2011584
2011588
2011595
2011602
2011609
2011613
2011620
2011627
2011631
2011638
2011645
2011649
2011653
2011660
2011664
2011668
2011675
2011682
2011686
2011690
2011697
2011701
2011705
2011712
2011719
2011723
2011730
2011737
2011741
2011745
2011752
2011756
2011760
2011767
2011774
2011778
2011785
2011792
2011796
2011800
2011807
2011811
2011815
2011822
2011829
2011833
2011840
2011847
2011851
2011855
2011862
2011866
2011870
2011877
2011884
2011888
2011895
2011902
2011906
2011910
2011917
2011921
2011928
2011932
2011936
2011943
2011950
2011954
2011961
2011968
2011972
2011976
2011983
2011987
2011994
2011998
2012002
2012009
2012016
2012020
2012024
2012031
2012038
2012042
2012049
2012053
2012060
2012067
2012074
2012081
2012085
2012089
2012096
2012100
2012107
2012111
2012115
2012122
2012126
2012130
2012137
2012144
2012148
2012152
2012159
2012163
2012170
2012174
2012178
2012185
2012192
2012196
2012203
2012210
2012214
2012218
2012225
2012229
2012236
2012240
2012247
2012254
2012261
2012268
2012272
2012276
2012283
2012287
2012294
2012298
2012302
2012309
2012313
2012317
2012324
2012331
2012335
2012339
2012346
2012350
2012357
2012361
2012365
2012372
2012379
2012383
2012390
2012397
2012401
2012405
2012412
2012416
2012423
2012427
2012431
2012438
2012445
2012449
2012456
2012463
2012467
2012471
2012478
2012482
2012489
2012493
2012497
2012504
2012511
2012515
2012522
2012529
2012533
2012537
2012544
2012548
2012555
2012559
2012563
2012570
2012577
2012581
2012588
2012592
2012599
2012603
2012607
2012614
2012621
2012625
2012632
2012639
2012646
2012650
2012654
2012661
2012668
2012672
2012679
2012686
2012690
2012694
2012701
2012705
2012712
2012716
2012720
2012727
2012734
2012738
2012745
2012752
2012756
2012760
2012767
2012771
2012778
2012782
2012786
2012793
2012800
2012804
2012809
2012816
2012823
2012827
2012831
2012838
2012845
2012849
2012856
2012860
2012864
2012871
2012875
2012879
2012886
2012893
2012897
2012907
2012914
2012918
2012922
2012929
2012936
2012940
2012944
2012951
2012959
2012962
2012969
2012973
2012979
2012982
2012989
2012996
2013000
2013004
2013009
2013012
2013016
2013019
2013024
2013027
2013034
2013041
2013045
2013052
2013059
2013063
2013070
2013077
2013082
2013086
2013090
2013094
2013101
2013108
2013112
2013119
2013126
2013130
2013134
2013141
2013145
2013149
2013156
2013160
2013164
2013171
2013178
2013182
2013186
2013193
2013197
2013204
2013211
2013216
2013220
2013227
2013231
2013235
2013242
2013249
2013253
2013260
2013267
2013271
2013275
2013282
2013286
2013290
2013297
2013304
2013311
2013315
2013319
2013326
2013330
2013337
2013341
2013345
2013352
2013359
2013363
2013370
2013377
2013381
2013385
2013392
2013396
2013403
2013407
2013411
2013418
2013425
2013429
2013436
2013443
2013450
2013457
2013461
2013465
2013469
2013473
2013480
2013484
2013488
2013495
2013502
2013506
2013510
2013517
2013522
2013526
2013533
2013537
2013541
2013548
2013553
2013557
2013564
2013568
2013575
2013579
2013586
2013593
2013597
2013601
2013605
2013609
2013616
2013620
2013624
2013631
2013635
2013639
2013646
2013650
2013654
2013661
2013665
2013669
2013676
2013680
2013684
2013691
2013698
2013702
2013709
2013716
2013720
2013724
2013728
2013732
2013739
2013743
2013747
2013754
2013758
2013762
2013769
2013773
2013780
2013784
2013791
2013798
2013802
2013806
2013810
2013814
2013821
2013825
2013829
2013836
2013840
2013844
2013851
2013855
2013862
2013866
2013873
2013880
2013884
2013888
2013892
2013896
2013903
2013907
2013911
2013918
2013925
2013929
2013936
2013943
2013947
2013951
2013958
2013962
2013969
2013973
2013977
2013984
2013988
2013992
2013999
2014003
2014011
2014015
2014022
2014029
2014033
2014037
2014044
2014048
2014055
2014059
2014063
2014070
2014074
2014078
2014086
2014093
2014100
2014107
2014111
2014115
2014122
2014126
2014133
2014137
2014141
2014148
2014153
2014157
2014165
2014172
2014179
2014186
2014190
2014194
2014201
2014205
2014212
2014216
2014220
2014227
2014232
2014236
2014244
2014251
2014258
2014265
2014269
2014273
2014280
2014284
2014291
2014295
2014299
2014306
2014311
2014315
2014323
2014330
2014337
2014344
2014348
2014352
2014359
2014363
2014370
2014374
2014378
2014385
2014390
2014394
2014402
2014409
2014416
2014420
2014427
2014434
2014439
2014443
2014447
2014451
2014458
2014462
2014466
2014473
2014478
2014482
2014489
2014494
2014498
2014503
2014507
2014510
2014517
2014521
2014525
2014532
2014537
2014541
2014545
2014549
2014556
2014561
2014565
2014569
2014573
2014576
2014583
2014587
2014591
2014596
2014600
2014603
2014610
2014617
2014621
2014625
2014629
2014633
2014640
2014644
2014648
2014655
2014659
2014663
2014670
2014674
2014681
2014685
2014693
2014700
2014704
2014708
2014712
2014716
2014723
2014727
2014731
2014738
2014742
2014746
2014753
2014757
2014762
2014765
2014772
2014776
2014781
2014784
2014788
2014791
2014798
2014805
2014809
2014816
2014823
2014827
2014834
2014841
2014845
2014849
2014853
2014857
2014864
2014868
2014875
2014879
2014886
2014890
2014897
2014904
2014908
2014912
2014916
2014920
2014927
2014931
2014935
2014942
2014946
2014950
2014957
2014961
2014968
2014972
2014979
2014986
2014990
2014994
2014998
2015002
2015009
2015013
2015017
2015024
2015031
2015035
2015042
2015046
2015053
2015060
2015064
2015068
2015072
2015076
2015083
2015087
2015091
2015098
2015102
2015106
2015110
2015117
2015121
2015125
2015129
2015136
2015143
2015147
2015154
2015158
2015162
2015169
2015174
2015178
2015185
2015192
2015196
2015200
2015207
2015211
2015218
2015222
2015226
2015233
2015238
2015242
2015246
2015251
2015255
2015259
2015266
2015270
2015274
2015278
2015282
2015285
2015289
2015293
2015297
2015300
2015304
2015307
2015311
2015314
2015318
2015321
2015325
2015328
2015332
2015335
2015339
2015342
2015345
2015347
2015351
2015353
2015356
2015358
2015362
2015364
2015367
2015369
2015372
2015375
2015379
2015381
2015385
2015388
2015391
2015393
2015397
2015400
2015403
2015405
2015409
2015412
2015416
2015419
2015423
2015426
2015430
2015433
2015437
2015440
2015444
2015447
2015451
2015454
2015458
2015461
2015465
2015468
2015472
2015475
2015479
2015482
2015486
2015489
2015493
2015496
2015500
2015503
2015507
2015510
2015514
2015517
2015520
2015522
2015526
2015529
2015532
2015534
2015537
2015539
2015542
2015544
2015547
2015549
2015552
2015554
2015557
2015559
2015562
2015564
2015568
2015571
2015574
2015576
2015580
2015583
2015587
2015590
2015594
2015597
2015601
2015604
2015608
2015611
2015615
2015618
2015622
2015625
2015629
2015632
2015636
2015639
2015643
2015646
2015650
2015653
2015657
2015660
2015664
2015667
