6
7
8
9
10
11
16
17
18
19
20
21
22
23
24
25
26
27
28
29
34
35
36
37
38
39
40
41
42
43
44
46
48
52
53
55
56
57
58
59
60
61
62
63
64
65
66
68
69
71
72
73
74
75
77
78
82
83
84
85
86
87
88
89
90
91
92
93
94
97
100
101
102
103
104
105
106
107
108
116
117
118
119
120
121
122
134
135
136
137
138
139
140
141
142
157
158
159
160
161
162
163
164
185
186
209
210
211
212
223
224
225
226
227
228
229
230
231
243
244
245
246
247
248
249
250
251
252
268
269
270
271
272
273
274
275
276
277
289
290
291
292
293
294
295
296
297
298
303
304
306
307
308
309
310
311
312
313
314
315
317
319
320
322
323
324
325
326
327
328
329
330
331
332
333
335
337
338
339
341
342
343
344
345
346
347
349
351
354
355
356
357
358
359
360
361
362
363
364
365
366
367
368
369
370
371
372
373
374
376
377
379
380
381
382
383
384
385
386
387
388
389
390
391
393
394
396
397
398
399
400
401
402
403
404
405
406
412
413
414
415
416
417
418
419
420
427
428
624
625
626
627
628
629
630
639
641
642
643
644
645
646
647
648
649
650
655
658
661
666
667
668
669
674
675
676
677
678
679
680
681
682
683
684
685
687
692
693
694
695
696
697
698
699
700
701
712
713
714
715
716
717
718
729
730
996
997
998
999
1000
1001
1002
1003
1004
1005
1006
1014
1015
1016
1017
1018
1019
1020
1021
1038
1039
1315
1316
1317
1320
1321
1322
1324
1330
1331
1332
1333
1334
1335
1336
1337
1338
1352
1353
1354
1355
1356
1357
1358
1359
1367
1368
3660
3662
3669
3670
3671
3672
3673
3674
3675
3676
3677
3678
3679
3680
3681
3682
3683
3685
3686
3860
3861
3862
3863
3864
3865
3866
3867
3868
3869
3870
3871
3872
3879
3880
3881
3882
3883
3884
3885
3886
3887
3888
3889
3890
3891
3892
3893
3894
3895
3896
3897
3898
3900
3905
3907
3909
3911
3912
3913
3914
3915
3916
3917
3918
3919
3920
3921
3922
3923
3939
3940
3941
3942
3943
3944
3945
3946
3953
3954
3955
3956
3957
3958
3959
3960
3961
3963
3964
3965
3966
3994
4087
4088
4089
4090
4091
4092
4093
4094
4099
4100
4101
4102
4103
4104
4105
4106
4107
4108
4109
4111
4115
4116
4117
4118
4129
4130
4131
4132
4133
4134
4135
4136
4137
4138
4139
4140
4141
4142
4143
4144
4149
4150
4151
4152
4153
4154
4155
4156
4157
4158
4159
4160
4161
4162
4163
4164
4168
4169
4170
4171
4172
4173
4174
4175
4176
4177
4179
4180
4181
4182
4183
4184
4193
4194
4196
4197
4199
4204
4205
4206
4207
4208
4209
4210
4211
4212
4213
4214
4215
4216
4217
4218
4219
4220
4229
4231
4232
4233
4234
4235
4236
4237
4238
4239
4240
4241
4242
4243
4244
4245
4253
4254
4255
4256
4257
4258
4259
4260
4261
4262
4263
4264
4269
4276
4277
4278
4296
4297
4298
4299
4307
4308
4309
4310
4311
4312
4313
4314
4315
4316
4317
4318
4319
4320
4321
4322
4323
4324
4327
4328
4329
4330
4331
4332
4333
4334
4335
4336
4337
4338
4339
4340
4341
4342
4343
4344
4345
4346
4347
4348
4350
4353
4354
4355
4356
4357
4358
4359
4360
4361
4362
4363
4364
4365
4366
4367
4368
4369
4370
4371
4372
4373
4374
4376
4377
4378
4379
4380
4381
4382
4383
4384
4385
4386
4387
4388
4389
4390
4391
4392
4393
4394
4395
4396
4398
4399
4400
4401
4402
4403
4404
4405
4406
4407
4408
4409
4410
4411
4412
4413
4414
4415
4416
4417
4418
4419
4420
4423
4424
4425
4426
4427
4428
4429
4430
4431
4432
4433
4434
4435
4436
4437
4438
4439
4440
4441
4442
4443
4444
4445
4446
4447
4448
4449
4450
4451
4452
4453
4454
4455
4456
4457
4458
4459
4460
4461
4462
4463
4464
4465
4466
4467
4468
4469
4470
4471
4472
4473
4474
4475
4476
4477
4478
4479
4480
4481
4482
4483
4484
4485
4486
4487
4488
4489
4490
4491
4492
4496
4497
4498
4499
4500
4501
4502
4503
4504
4505
4506
4507
4508
4509
4510
4511
4512
4513
4520
4521
4522
4523
4524
4525
4526
4527
4528
4529
4530
4531
4532
4533
4534
4535
4536
4538
4540
4541
4542
4543
4544
4545
4546
4547
4548
4549
4550
4551
4552
4553
4554
4555
4556
4557
4558
4559
4560
4561
4562
4563
4564
4565
4566
4567
4568
4569
4570
4571
4572
