301
303
304
305
307
308
312
313
314
451
452
453
454
455
456
457
458
459
460
463
464
465
466
467
468
469
470
612
613
614
615
616
619
620
621
622
623
624
625
626
627
628
629
630
771
773
774
782
783
784
785
786
787
788
789
790
791
792
793
794
796
925
926
927
928
929
930
931
932
933
934
935
936
937
938
939
940
1086
1087
1088
1089
1090
1091
1092
1093
1094
1095
1096
1097
1098
1099
1100
1101
1102
1103
1106
1107
1108
1251
1252
1253
1254
1255
1256
1257
1258
1259
1260
1261
1262
1263
1264
1265
1266
1267
1270
1271
1272
1273
1274
1275
1276
1409
1410
1411
1412
1413
1414
1415
1416
1417
1418
1419
1420
1421
1422
1425
1426
1427
1428
1429
1430
1431
1432
1570
1571
1572
1573
1574
1575
1576
1577
1578
1579
1580
1581
1582
1583
1584
1587
1588
1589
1590
1591
1592
1593
1594
1723
1724
1725
1726
1727
1728
1729
1730
1731
1732
1733
1734
1735
1738
1739
1740
1741
1742
1743
1744
1745
1746
1747
1748
1877
1878
1879
1880
1881
1882
1883
1884
1885
1886
1891
1892
1893
1894
1895
1896
1897
1898
1899
1900
1901
1902
2027
2028
2029
2030
2031
2032
2033
2034
2035
2036
2041
2042
2043
2044
2045
2046
2047
2048
2049
2050
2051
2052
2171
2172
2173
2174
2175
2176
2177
2178
2179
2180
2185
2186
2187
2188
2189
2190
2191
2192
2193
2194
2195
2196
2314
2315
2316
2317
2318
2319
2320
2321
2322
2323
2324
2329
2330
2331
2332
2333
2334
2335
2336
2337
2338
2339
2340
2457
2458
2459
2460
2461
2462
2463
2464
2465
2466
2467
2468
2473
2474
2475
2476
2477
2478
2479
2480
2481
2482
2483
2484
2611
2612
2613
2614
2615
2616
2617
2618
2623
2624
2625
2626
2627
2628
2629
2630
2631
2632
2633
2634
2635
2636
2637
2638
2639
2640
2768
2775
2776
2777
2778
2779
2780
2781
2782
2783
2784
2785
2786
2787
2788
2789
2790
2791
2927
2928
2929
2930
2931
2932
2933
2934
2935
2936
2937
2938
2939
2940
3077
3078
3079
3080
3081
3082
3083
3084
3085
3086
3087
3088
3089
3090
3091
3092
3094
3227
3228
3229
3230
3231
3232
3233
3234
3235
3236
3237
3238
3239
3240
3241
3242
3243
3244
3385
3387
3388
3389
3390
3391
3392
3393
3394
3395
3396
3397
3398
3399
3400
3401
3402
3403
3404
3549
3550
3551
3552
3553
3554
3555
3556
3557
3558
3559
3560
3561
3562
3563
3564
3565
3566
3703
3704
3705
3706
3707
3708
3709
3710
3711
3712
3713
3714
3715
3716
3717
3718
3719
3720
3866
3867
3868
3869
3870
3871
3872
3873
3874
3875
3876
3877
3878
3879
3880
3881
3882
3883
3884
4019
4020
4021
4022
4023
4024
4025
4026
4027
4028
4029
4030
4031
4032
4033
4034
4035
4036
4037
4038
4039
4040
4175
4176
4177
4178
4179
4180
4181
4182
4183
4184
4185
4186
4187
4188
4189
4190
4191
4192
4193
4194
4195
4196
4198
4324
4326
4327
4328
4329
4334
4335
4336
4337
4338
4339
4340
4341
4342
4343
4344
4345
4346
4347
4348
4349
4350
4351
4352
4354
4478
4479
4480
4485
4486
4487
4488
4489
4490
4491
4492
4493
4494
4495
4496
4497
4498
4499
4500
4501
4502
4504
4631
4632
4633
4634
4635
4636
4637
4642
4643
4644
4645
4646
4647
4648
4649
4650
4651
4652
4653
4654
4655
4656
4657
4658
4785
4786
4787
4788
4789
4790
4791
4792
4793
4794
4799
4800
4801
4802
4803
4804
4805
4806
4807
4808
4809
4810
4811
4812
4813
4814
4936
4937
4938
4939
4940
4941
4942
4943
4944
4945
4946
4947
4948
4949
4950
4951
4952
4953
4954
4959
4960
4961
4962
4963
4964
4965
4966
4967
4968
5092
5093
5094
5095
5096
5097
5098
5099
5100
5101
5102
5103
5104
5105
5106
5107
5108
5109
5110
5111
5112
5113
5114
5115
5117
5120
5121
5122
5123
5124
5244
5245
5246
5247
5248
5249
5250
5251
5252
5253
5254
5255
5256
5257
5258
5259
5260
5261
5262
5263
5264
5265
5266
5267
5268
5269
5270
5272
5389
5390
5391
5392
5393
5394
5395
5396
5400
5402
5403
5404
5405
5406
5407
5408
5409
5410
5411
5412
5413
5414
5415
5416
5417
5418
5419
5420
5421
5422
5541
5542
5543
5544
5545
5546
5547
5548
5549
5550
5551
5552
5553
5554
5555
5556
5559
5560
5561
5562
5563
5564
5565
5566
5567
5568
5569
5570
5571
5572
5573
5574
5575
5576
5687
5688
5689
5690
5691
5692
5693
5694
5695
5696
5697
5698
5699
5700
5701
5702
5703
5704
5705
5706
5707
5710
5711
5712
5713
5714
5715
5716
5717
5718
5719
5720
5721
5722
5845
5846
5847
5848
5849
5850
5851
5852
5853
5854
5855
5856
5857
5858
5859
5860
5861
5862
5863
5864
5865
5866
5867
5868
5869
5870
5871
5872
5873
5874
5875
5876
5877
5880
5881
5882
6002
6004
6005
6006
6007
6008
6009
6010
6011
6012
6013
6014
6015
6016
6017
6018
6019
6020
6021
6022
6023
6024
6025
6026
6027
6028
6029
6152
6160
6161
6162
6163
6164
6165
6166
6167
6168
6169
6170
6171
6172
6173
6174
6175
6176
6177
6178
6179
6180
6308
6310
6311
6312
6313
6318
6319
6320
6321
6322
6323
6324
6325
6326
6327
6328
6329
6330
6331
6332
6333
6334
6461
6462
6464
6468
6469
6470
6471
6472
6473
6474
6475
6476
6477
6478
6479
6480
6481
6482
6483
6484
6614
6616
6617
6618
6619
6620
6621
6622
6623
6624
6625
6629
6630
6631
6632
6633
6634
6635
6636
6637
6638
6801
6802
6803
6804
6805
6806
6807
6808
6809
6810
6811
6812
6813
6818
6819
6820
6821
6822
6971
6972
6973
6974
6975
6976
6977
6978
6979
6980
6981
6982
6983
6988
6989
6990
6991
6992
6993
6994
7144
7145
7146
7147
7148
7149
7150
7151
7152
7153
7154
7155
7156
7157
7158
7161
7162
7319
7320
7321
7322
7323
7324
7325
7326
7327
7328
7329
7330
7478
7479
7480
7481
7486
7487
7488
7489
7490
7491
7492
7493
7494
7495
7496
7497
7498
7647
7649
7650
7653
7655
7656
7657
7658
7659
7660
7661
7662
7663
7664
7665
7666
7827
7829
7830
7831
7832
7833
7834
7835
7836
7837
7838
7839
7840
7841
7842
7844
7848
7849
7850
7998
8000
8001
8002
8003
8004
8005
8006
8007
8008
8160
8161
8162
8163
8164
8165
8166
8167
8168
8169
8170
8171
8172
8283
8285
8291
8292
8293
8294
8295
8296
8297
8298
8299
8300
8301
8302
8418
8421
8423
8428
8429
8430
8431
8432
8433
8434
8435
8436
8559
8560
8928
8932
8933
9103
9104
9105
9106
9107
9108
9109
9110
9111
9112
9113
9127
9129
9291
9292
9293
9294
9295
9296
9297
9298
9299
9300
9301
9302
9303
9304
9305
9325
9327
9328
9446
9447
9448
9449
9450
9451
9452
9453
9454
9455
9456
9457
9458
9459
9460
9461
9462
9463
9470
9471
9472
9473
9604
9605
9606
9607
9608
9609
9610
9611
9612
9613
9614
9615
9616
9617
9618
9619
9620
9621
9622
9627
9628
9629
9630
9746
9747
9748
9749
9750
9751
9752
9753
9754
9755
9756
9757
9758
9759
9760
9761
9762
9763
9764
9765
9771
9772
9773
9890
9891
9892
9893
9894
9895
9896
9897
9898
9899
9900
9901
9902
9903
9904
9905
9906
9907
9908
9909
9910
9911
9915
10039
10041
10049
10050
10051
10052
10053
10054
10055
10056
10057
10058
10059
10060
10061
10062
10063
10064
10065
10066
10067
10198
10199
10200
10201
10202
10203
10204
10205
10206
10207
10208
10209
10210
10215
10216
10217
10218
10219
10220
10221
10222
10223
10224
10225
10227
10353
10354
10355
10356
10357
10358
10359
10360
10361
10362
10363
10364
10365
10366
10367
10368
10369
10374
10375
10376
10377
10378
10379
10511
10513
10514
10515
10516
10517
10518
10519
10520
10521
10522
10523
10524
10529
10530
10531
10667
10668
10669
10670
10671
10672
10673
10674
10675
10676
10677
10678
10679
10680
10681
10682
10683
10688
10814
10815
10816
10817
10818
10819
10820
10821
10822
10823
10824
10825
10826
10827
10828
10829
10830
10831
10832
10952
10953
10954
10961
10962
10963
10964
10965
10966
10967
10968
10969
10970
10971
10972
10973
10974
10975
10976
10977
10978
10979
10980
10985
10987
11102
11103
11104
11105
11106
11107
11108
11109
11110
11111
11112
11113
11114
11115
11120
11121
11122
11123
11124
11125
11126
11127
11128
11129
11130
11131
11132
11133
11134
11135
11136
11137
11138
11142
11257
11258
11259
11260
11261
11262
11263
11264
11265
11266
11267
11268
11269
11270
11271
11272
11273
11274
11275
11280
11281
11282
11283
11284
11285
11286
11287
11288
11289
11290
11291
11292
11298
11395
11396
11397
11398
11399
11400
11401
11402
11403
11404
11405
11406
11407
11408
11409
11410
11411
11412
11413
11414
11415
11416
11417
11418
11419
11424
11425
11426
11427
11428
11429
11430
11431
11432
11433
11434
11436
11442
11547
11548
11549
11550
11551
11552
11553
11554
11555
11556
11557
11558
11559
11560
11561
11562
11563
11564
11565
11566
11567
11568
11569
11570
11575
11576
11577
11578
11579
11580
11581
11582
11583
11585
11683
11684
11685
11686
11687
11688
11689
11690
11691
11692
11693
11694
11695
11696
11697
11698
11699
11700
11701
11702
11703
11704
11705
11706
11711
11712
11713
11714
11715
11716
11717
11718
11719
11721
11819
11820
11821
11822
11823
11824
11825
11826
11827
11828
11829
11830
11831
11832
11833
11834
11835
11836
11837
11838
11839
11840
11841
11842
11847
11848
11849
11850
11851
11852
11853
11854
11855
11857
11952
11954
11960
11961
11962
11963
11964
11965
11966
11967
11968
11969
11970
11971
11972
11973
11974
11975
11976
11977
11978
11979
11980
11981
11982
11983
11987
11988
11989
11990
11991
11992
11993
11994
11995
11997
12092
12094
12095
12096
12097
12098
12099
12104
12105
12106
12107
12108
12109
12110
12111
12112
12113
12114
12115
12116
12117
12118
12119
12120
12121
12122
12123
12124
12129
12130
12131
12132
12133
12134
12135
12136
12137
12139
12245
12246
12247
12248
12249
12250
12251
12252
12253
12254
12255
12256
12257
12262
12263
12264
12265
12266
12267
12268
12269
12270
12271
12272
12273
12274
12275
12276
12277
12278
12282
12283
12284
12285
12286
12287
12288
12289
12290
12292
12391
12392
12393
12394
12395
12396
12397
12398
12399
12400
12401
12402
12407
12408
12409
12410
12411
12412
12413
12414
12415
12416
12417
12418
12419
12420
12421
12422
12423
12424
12425
12426
12427
12432
12433
12434
12435
12436
12437
12439
12533
12534
12535
12536
12537
12538
12539
12540
12541
12542
12543
12544
12549
12550
12551
12552
12553
12554
12555
12556
12557
12558
12559
12560
12561
12562
12563
12564
12565
12566
12567
12568
12573
12574
12575
12576
12673
12674
12675
12676
12677
12678
12679
12680
12681
12682
12683
12684
12689
12690
12691
12692
12693
12694
12695
12696
12697
12698
12699
12700
12701
12702
12703
12704
12705
12706
12707
12708
12713
12714
12715
12716
12817
12818
12819
12820
12821
12822
12823
12824
12825
12826
12827
12831
12832
12833
12834
12835
12836
12837
12838
12839
12840
12841
12842
12843
12844
12845
12846
12847
12848
12849
12850
12855
12856
12857
12858
12956
12957
12958
12959
12960
12961
12962
12963
12964
12965
12966
12967
12968
12969
12970
12975
12976
12977
12978
12979
12980
12981
12982
12983
12984
12985
12986
12987
12988
12989
12990
12991
12992
12993
12994
12999
13000
13001
13002
13003
13005
13093
13094
13095
13096
13097
13098
13099
13100
13101
13102
13103
13104
13105
13106
13107
13108
13113
13114
13115
13116
13117
13118
13119
13120
13121
13122
13123
13124
13125
13126
13127
13128
13129
13134
13135
13136
13137
13138
13139
13140
13141
13233
13234
13235
13236
13237
13238
13239
13240
13241
13242
13243
13244
13245
13246
13247
13248
13253
13254
13255
13256
13257
13258
13259
13260
13261
13262
13263
13264
13265
13266
13267
13268
13273
13274
13275
13276
13277
13278
13279
13280
13283
13373
13374
13375
13376
13377
13378
13379
13380
13381
13382
13383
13384
13385
13390
13391
13392
13393
13394
13395
13396
13397
13398
13399
13400
13401
13402
13403
13404
13405
13406
13407
13408
13413
13414
13415
13416
13417
13418
13419
13420
13421
13423
13511
13512
13513
13514
13515
13516
13517
13518
13519
13520
13521
13522
13523
13524
13528
13529
13530
13531
13532
13533
13534
13535
13536
13537
13538
13539
13540
13541
13542
13543
13544
13545
13546
13547
13551
13552
13553
13554
13555
13556
13557
13558
13559
13561
13562
13649
13650
13651
13652
13653
13654
13655
13656
13657
13658
13659
13660
13661
13662
13667
13668
13669
13670
13671
13672
13673
13674
13675
13676
13677
13678
13679
13680
13681
13682
13683
13684
13685
13686
13691
13692
13693
13694
13695
13696
13697
13698
13699
13700
13701
13702
13785
13786
13787
13788
13789
13790
13791
13792
13793
13794
13795
13796
13797
13798
13799
13800
13805
13806
13807
13808
13809
13810
13811
13812
13813
13814
13815
13816
13817
13818
13819
13820
13821
13822
13823
13824
13829
13830
13831
13832
13833
13834
13835
13836
13837
13838
13839
13840
13925
13926
13927
13928
13929
13930
13931
13932
13933
13934
13935
13936
13937
13938
13939
13940
13945
13946
13947
13948
13949
13950
13951
13952
13953
13954
13955
13956
13957
13958
13959
13960
13961
13966
13967
13968
13969
13970
13971
13972
13973
13974
13975
13976
13977
13978
13979
13980
14069
14070
14071
14072
14073
14074
14075
14076
14077
14078
14079
14080
14081
14082
14083
14084
14089
14090
14091
14092
14093
14094
14095
14096
14097
14098
14099
14100
14101
14102
14103
14104
14109
14110
14111
14112
14113
14114
14115
14116
14117
14118
14119
14120
14121
14209
14210
14211
14212
14213
14214
14215
14216
14217
14218
14219
14220
14221
14222
14223
14224
14229
14230
14231
14232
14233
14234
14235
14236
14237
14238
14239
14240
14241
14242
14243
14244
14249
14250
14251
14252
14253
14254
14255
14256
14257
14258
14259
14347
14348
14349
14350
14351
14352
14353
14354
14355
14356
14357
14358
14359
14360
14361
14362
14367
14368
14369
14370
14371
14372
14373
14374
14375
14376
14377
14378
14379
14380
14381
14382
14387
14388
14389
14390
14391
14392
14393
14394
14395
14397
14479
14480
14481
14482
14483
14484
14485
14486
14487
14488
14489
14490
14491
14492
14493
14494
14499
14500
14501
14502
14503
14504
14505
14506
14507
14508
14509
14510
14511
14512
14513
14514
14519
14520
14521
14522
14523
14524
14525
14526
14527
14529
14607
14608
14609
14610
14611
14612
14613
14614
14615
14616
14617
14618
14619
14620
14621
14622
14627
14628
14629
14630
14631
14632
14633
14634
14635
14636
14637
14638
14639
14640
14641
14642
14646
14647
14648
14649
14650
14651
14652
14653
14654
14656
14738
14739
14740
14741
14742
14743
14744
14745
14746
14747
14748
14749
14750
14754
14755
14756
14757
14758
14759
14760
14761
14762
14763
14764
14765
14766
14767
14768
14769
14770
14771
14772
14777
14778
14779
14780
14781
14782
14783
14784
14785
14787
14873
14874
14875
14876
14877
14878
14879
14880
14881
14882
14883
14884
14889
14890
14891
14892
14893
14894
14895
14896
14897
14898
14899
14900
14901
14902
14903
14904
14905
14910
14911
14912
14913
14914
14915
14916
14917
14918
14919
14920
14921
15009
15010
15011
15012
15013
15014
15015
15016
15017
15018
15019
15020
15025
15026
15027
15028
15029
15030
15031
15032
15033
15034
15035
15036
15037
15038
15039
15040
15045
15046
15047
15048
15049
15050
15051
15052
15053
15054
15055
15056
15151
15152
15153
15154
15155
15156
15157
15158
15159
15160
15161
15162
15167
15168
15169
15170
15171
15172
15173
15174
15175
15176
15177
15178
15179
15180
15181
15182
15187
15188
15189
15190
15191
15192
15193
15194
15195
15196
15197
15198
15201
15293
15294
15295
15296
15297
15298
15299
15300
15301
15302
15306
15307
15308
15309
15310
15311
15312
15313
15314
15315
15316
15317
15318
15319
15320
15321
15325
15326
15327
15328
15329
15330
15331
15332
15333
15334
15335
15336
15337
15339
15449
15450
15451
15453
15458
15459
15460
15461
15462
15463
15464
15465
15466
15467
15468
15469
15470
15471
15472
15473
15474
15475
15476
15481
15482
15483
15484
15485
15486
15487
15488
15489
15490
15491
15492
15493
15624
15625
15626
15627
15628
15629
15630
15631
15632
15633
15634
15635
15636
15637
15638
15639
15640
15641
15647
15648
15649
15650
15651
15652
15653
15654
15655
15656
15657
15779
15780
15781
15782
15783
15784
15785
15786
15787
15788
15789
15790
15791
15792
15793
15794
15799
15800
15801
15802
15803
15804
15805
15806
15807
15809
15923
15924
15925
15926
15927
15928
15929
15930
15931
15932
15933
15934
15935
15936
15937
15938
15939
15940
15941
15942
15943
15955
15956
15957
15958
15959
15960
15962
15963
16066
16067
16068
16069
16070
16071
16072
16073
16074
16075
16076
16077
16078
16079
16080
16081
16082
16083
16084
16085
16100
16101
16102
16103
16104
16105
16106
16107
16127
16129
16217
16218
16219
16220
16221
16222
16223
16224
16225
16226
16227
16228
16233
16234
16235
16236
16237
16238
16239
16240
16241
16242
16243
16244
16245
16246
16251
16252
16253
16254
16255
16256
16257
16258
16259
16260
16261
16262
16263
16274
16383
16384
16385
16386
16387
16388
16394
16397
16398
16399
16400
16401
16402
16403
16404
16405
16406
16407
16408
16409
16410
16411
16420
16421
16422
16424
16426
16521
16523
16524
16525
16526
16527
16528
16529
16530
16532
