3550
3552
3553
3555
3556
3557
3563
3565
3567
3579
3591
3592
3869
3879
3880
3881
3882
3883
3884
3885
3886
3887
3888
3890
3891
3892
3893
3894
3895
3896
3897
3898
3899
3902
3903
3904
3905
3908
3909
3910
3911
3912
3913
3914
3915
3916
3920
3921
3922
3923
3924
3925
3926
3927
3928
3929
3930
3931
3939
3941
3942
3943
3944
3945
3946
3947
3948
3949
3950
3963
3965
3968
3969
4191
4203
4204
4212
4213
4214
4215
4216
4217
4218
4219
4220
4222
4225
4226
4227
4228
4229
4231
4232
4233
4234
4235
4236
4237
4238
4239
4240
4242
4243
4244
4245
4246
4247
4248
4249
4250
4255
4257
4258
4259
4260
4261
4262
4263
4265
4272
4274
4275
4276
4277
4278
4279
4281
4288
4290
4291
4292
4293
4294
4296
4299
4300
4317
4318
4338
4374
4428
4440
4451
4452
4464
4498
4499
4500
4501
4502
4503
4504
4505
4506
4507
4508
4510
4511
4512
4513
4514
4515
4516
4517
4518
4519
4520
4521
4522
4523
4524
4525
4526
4527
4528
4529
4530
4531
4532
4533
4535
4536
4537
4538
4539
4540
4541
4542
4543
4544
4547
4548
4549
4550
4551
4552
4553
4554
4555
4556
4559
4560
4561
4562
4563
4564
4565
4566
4567
4568
4571
4572
4573
4574
4575
4576
4577
4578
4579
4580
4583
4584
4585
4586
4587
4588
4589
4590
4591
4592
4597
4598
4599
4600
4601
4602
4603
4604
4608
4609
4610
4611
4612
4613
4614
4615
4616
4619
4620
4621
4622
4623
4624
4625
4626
4627
4628
4631
4632
4633
4634
4635
4636
4637
4638
4639
4640
4642
4643
4644
4645
4646
4647
4648
4649
4650
4651
4652
4653
4654
4655
4656
4657
4658
4659
4660
4661
4662
4663
4664
4665
4666
4667
4668
4669
4670
4671
4672
4673
4674
4675
4676
4677
4680
4681
4682
4683
4684
4685
4686
4687
4688
4689
4692
4693
4694
4695
4696
4697
4698
4699
4700
4701
4702
4703
4704
4705
4706
4707
4708
4709
4710
4711
4712
4713
4714
4715
4716
4717
4718
4719
4720
4727
4728
4729
4730
4731
4732
4733
4734
4735
4736
4743
4744
4745
4746
4747
4748
4749
4750
4751
4752
4753
4754
4755
4756
4757
4762
4763
4764
4765
4766
4767
4768
4769
4770
4771
4772
4773
4774
4775
4776
4777
4782
4783
4784
4786
4787
4788
4789
4790
4791
4792
4793
4794
4795
4796
4797
4802
4803
4804
4806
4807
4808
4809
4810
4811
4812
4813
4814
4815
4816
4817
4825
4826
4827
4828
4829
4830
4831
4832
4833
4834
4835
4836
4837
4838
4849
4850
4851
4852
4853
4854
4855
4856
4857
4858
4859
4860
4861
4862
4875
4877
4878
4879
4880
4881
4882
4883
4884
4885
4886
4901
4902
4903
4904
4905
4906
4920
4921
4922
4934
4935
4936
4937
4938
4939
4940
4941
4942
4954
4955
4956
4957
4958
4959
4960
4961
4962
4963
4964
4977
4979
4980
4981
4982
4983
4984
4985
4986
5001
5002
5003
5004
5005
5006
5007
5008
5009
5020
5021
5022
5024
5032
5033
5034
5035
5036
5037
5038
5039
5040
5041
5042
5044
5058
5059
5060
5061
5062
5063
5064
5065
5066
5067
5068
5069
5070
5071
5072
5085
5086
5087
5088
5089
5090
5091
5092
5093
5094
5095
5096
5097
5098
5109
5111
5112
5113
5114
5129
5130
5142
5143
5152
5282
5283
5284
5285
5286
5287
5288
5289
5290
5291
5292
5293
5294
5295
5296
5297
5298
5299
5300
5311
5312
5313
5314
5315
5316
5317
5318
5319
5320
5321
5322
5323
5335
5336
5337
5338
5339
5340
5341
5342
5343
5344
5345
5346
5360
5361
5362
5363
5364
5365
5366
5375
5540
5541
5542
5543
5544
5547
5548
5549
5554
5555
5556
5557
5558
5559
5560
5561
5574
5575
5576
5577
5585
