14577
14587
14588
14589
14590
14642
14643
14644
14645
14654
14655
14656
14657
14658
14659
14660
14661
14662
14761
14762
14763
14764
14765
14766
14767
14768
14769
14770
14771
14772
14773
14774
14775
14783
14784
14785
14889
14890
14891
14892
14893
14894
14895
14896
14913
14914
14915
14916
14917
14918
14919
14920
15007
15009
15010
15011
15012
15029
15030
15031
15032
15033
15034
15035
15036
15037
15038
15040
15131
15132
15133
15134
15142
15143
15144
15145
15146
15147
15148
15149
15150
15151
15254
15263
15264
15265
15266
15267
15268
15269
15270
15271
15272
15273
15274
15275
15276
15277
15295
15296
15297
15298
15299
15300
15401
15402
15403
15404
15405
15406
15407
15408
15409
15422
15423
15424
15425
15426
15427
15428
15429
15430
15431
15432
15433
15434
15532
15533
15534
15535
15536
15537
15538
15539
15548
15549
15550
15551
15552
15553
15554
15555
15556
15557
15558
15559
15560
15561
15667
15668
15669
15670
15671
15676
15677
15678
15679
15680
15681
15682
15683
15684
15685
15686
15687
15688
15689
15690
15799
15800
15801
15802
15807
15808
15809
15810
15811
15812
15813
15814
15815
15816
15817
15818
15819
15820
15821
15822
15929
15930
15931
15932
15937
15938
15939
15940
15941
15942
15943
15944
15945
15946
15947
15948
15949
15950
16061
16062
16063
16064
16069
16070
16071
16072
16073
16074
16075
16076
16077
16078
16079
16080
16081
16194
16200
16201
16202
16203
16204
16205
16206
16207
16208
16209
16210
16211
16212
16213
16334
16335
16336
16337
16338
16339
16340
16341
16342
16343
16344
16345
16346
16364
16365
16366
16367
16368
16369
16484
16485
16486
16487
16488
16489
16490
16491
16503
16504
16505
16506
16507
16508
16509
16510
16624
16626
16627
16628
16629
16630
16631
16640
16641
16642
16643
16644
16645
16771
16772
16773
16774
16775
16783
16784
16785
16786
16787
16788
16789
16790
16791
16921
16922
16923
16924
16932
16933
16934
16935
16936
16937
16938
16939
16940
16941
17056
17057
17058
17059
17068
17069
17070
17071
17072
17073
17074
17075
17076
17077
17196
17197
17198
17199
17208
17209
17210
17211
17212
17213
17214
17215
17216
17217
17218
17219
17329
17330
17331
17332
17338
17339
17340
17341
17342
17343
17344
17345
17346
17347
17348
17349
17351
17460
17461
17462
17463
17468
17469
17470
17471
17472
17473
17474
17475
17476
17477
17478
17479
17480
17481
17484
17496
17602
17603
17604
17605
17610
17611
17612
17613
17614
17615
17616
17617
17618
17619
17620
17629
17630
17631
17632
17633
17634
17635
17636
17637
17638
17639
17745
17751
17752
17753
17754
17755
17756
17757
17766
17767
17768
17769
17770
17771
17772
17773
17774
17775
17776
17777
17778
17779
17886
17887
17888
17889
17890
17891
17892
17893
17894
17895
17896
17897
17898
17907
17908
17909
17910
17911
17912
17913
17914
17915
17916
17917
18023
18024
18025
18026
18027
18028
18029
18030
18031
18039
18040
18041
18042
18043
18044
18045
18046
18047
18048
18049
18050
18051
18053
18160
18161
18162
18163
18164
18165
18166
18167
18172
18173
18174
18175
18176
18177
18178
18179
18180
18181
18182
18183
18184
18185
18186
18302
18304
18305
18306
18307
18308
18309
18314
18315
18316
18317
18318
18319
18320
18321
18322
18323
18324
18325
18326
18327
18452
18453
18454
18455
18456
18457
18458
18459
18460
18461
18462
18467
18468
18469
18470
18471
18472
18473
18474
18475
18476
18600
18601
18602
18603
18604
18605
18606
18607
18608
18609
18617
18618
18619
18620
18621
18622
18623
18624
18742
18743
18744
18745
18746
18747
18748
18749
18750
18751
18760
18761
18762
18763
18764
18765
18766
18767
18876
18878
18884
18885
18886
18887
18888
18889
18890
18891
18900
18901
18902
18903
18904
18905
19016
19017
19018
19019
19024
19025
19026
19027
19028
19029
19030
19031
19032
19033
19034
19035
19036
19037
19038
19040
19056
19057
19160
19161
19162
19163
19168
19169
19170
19171
19172
19173
19174
19175
19176
19177
19178
19179
19180
19181
19295
19296
19297
19298
19299
19304
19305
19306
19307
19308
19309
19310
19311
19312
19313
19314
19315
19316
19317
19432
19433
19434
19435
19436
19437
19442
19443
19444
19445
19446
19447
19448
19449
19450
19451
19452
19453
19454
19455
19566
19567
19568
19569
19570
19571
19579
19580
19581
19582
19583
19584
19585
19586
19587
19588
19589
19590
19591
19712
19713
19714
19715
19724
19725
19726
19727
19728
19729
19730
19731
19732
19733
19734
19735
19860
19861
19862
19863
19872
19873
19874
19875
19876
19877
19878
19879
19880
19881
19882
19883
20004
20005
20006
20007
20016
20017
20018
20019
20020
20021
20022
20023
20024
20025
20027
20136
20137
20138
20139
20140
20141
20150
20151
20152
20153
20154
20155
20156
20157
20158
20159
20160
20161
20163
20263
20265
20266
20267
20268
20274
20275
20276
20277
20278
20279
20280
20281
20282
20291
20292
20293
20294
20295
20296
20297
20298
20299
20300
20301
20303
20400
20401
20402
20403
20404
20409
20410
20411
20412
20413
20414
20415
20416
20428
20429
20430
20431
20432
20433
20434
20435
20436
20437
20438
20439
20537
20539
20540
20541
20542
20547
20548
20549
20550
20551
20552
20553
20554
20555
20556
20557
20558
20559
20560
20561
20562
20563
20564
20565
20566
20583
20584
20585
20668
20669
20670
20671
20679
20680
20681
20682
20683
20684
20685
20686
20687
20688
20689
20690
20691
20692
20804
20805
20806
20807
20819
20820
20821
20822
20823
20824
20825
20826
20827
20828
20829
20941
20943
20944
20945
20946
20947
20948
20971
20972
20973
20974
20975
20976
21051
21052
21053
21071
21072
21073
21074
21075
21076
21077
21078
21079
21080
21081
21082
21084
21096
21180
21181
21182
21183
21191
21192
21193
21194
21195
21196
21197
21198
21199
21200
21201
21202
21276
21283
21284
21285
21286
21287
21288
21289
21290
21291
21292
21293
21294
21295
21296
21297
21298
21299
21300
21307
21308
21309
21360
21364
21371
21372
21373
21374
21375
21376
21377
21378
21830
21831
21832
21833
21834
21835
21836
21837
21838
21839
21840
21841
21842
21843
21844
21845
21846
21855
21856
21858
22006
22007
22008
22009
22010
22011
22012
22013
22014
22015
22016
22017
22018
22019
22020
22021
22022
22023
22024
22048
22049
22050
22051
22180
22181
22182
22183
22184
22185
22186
22187
22188
22189
22190
22191
22192
22193
22194
22195
22196
22197
22198
22199
22200
22201
22206
22207
22208
22209
22312
22313
22314
22315
22316
22317
22318
22319
22320
22321
22322
22323
22324
22325
22326
22327
22328
22329
22330
22331
22332
22333
22334
22335
22340
22341
22342
22343
22344
22345
22347
22352
22453
22454
22455
22456
22457
22458
22459
22460
22461
22462
22463
22464
22465
22466
22467
22468
22469
22470
22471
22472
22473
22474
22475
22476
22477
22482
22483
22484
22485
22486
22487
22488
22489
22586
22587
22588
22589
22590
22591
22592
22593
22594
22595
22596
22597
22598
22599
22600
22601
22602
22603
22604
22605
22606
22607
22608
22609
22610
22611
22616
22617
22618
22619
22620
22621
22622
22623
22722
22723
22724
22725
22726
22732
22733
22734
22735
22736
22737
22738
22739
22740
22741
22742
22743
22744
22745
22746
22747
22748
22749
22750
22751
22752
22753
22754
22755
22760
22761
22762
22763
22764
22765
22766
22870
22871
22872
22873
22874
22879
22880
22881
22882
22883
22884
22885
22886
22887
22888
22889
22890
22891
22892
22893
22894
22895
22896
22897
22898
22899
22900
22901
22902
22907
22908
22909
22910
22911
23012
23013
23014
23015
23016
23017
23018
23023
23024
23025
23026
23027
23028
23029
23030
23031
23032
23033
23034
23035
23036
23037
23038
23039
23040
23041
23042
23043
23044
23045
23046
23051
23052
23053
23158
23159
23160
23161
23162
23163
23164
23165
23166
23167
23168
23169
23170
23171
23176
23177
23178
23179
23180
23181
23182
23183
23184
23185
23186
23187
23188
23189
23190
23191
23192
23193
23198
23199
23200
23201
23306
23307
23308
23309
23310
23311
23312
23313
23314
23315
23316
23317
23318
23319
23320
23325
23326
23327
23328
23329
23330
23331
23332
23333
23334
23335
23336
23337
23338
23339
23340
23345
23346
23347
23451
23452
23453
23454
23455
23456
23457
23458
23459
23460
23461
23462
23463
23464
23465
23466
23474
23475
23476
23477
23478
23479
23480
23481
23482
23483
23484
23485
23486
23487
23488
23489
23493
23494
23594
23596
23603
23604
23605
23606
23607
23608
23609
23610
23611
23612
23613
23614
23615
23616
23617
23618
23619
23620
23621
23622
23623
23624
23625
23626
23627
23628
23637
23638
23639
23640
23641
23642
23643
23644
23645
23646
23754
23756
23757
23758
23759
23760
23761
23766
23767
23768
23769
23770
23771
23772
23773
23774
23775
23776
23777
23778
23779
23780
23781
23782
23783
23784
23785
23786
23795
23796
23797
23798
23799
23801
23909
23910
23911
23912
23913
23914
23919
23920
23921
23922
23923
23924
23925
23926
23927
23928
23929
23930
23931
23932
23933
23934
23935
23936
23937
23938
23947
23948
23949
23950
23951
23953
24068
24069
24070
24071
24072
24073
24078
24079
24080
24081
24082
24083
24084
24085
24086
24087
24088
24089
24090
24091
24092
24093
24094
24095
24096
24097
24098
24099
24100
24101
24102
24110
24111
24113
24114
24226
24227
24228
24229
24230
24231
24232
24233
24234
24239
24240
24241
24242
24243
24244
24245
24246
24247
24248
24249
24250
24251
24252
24253
24254
24255
24256
24257
24258
24259
24264
24265
24266
24267
24270
24382
24383
24384
24385
24386
24387
24388
24389
24394
24395
24396
24397
24398
24399
24400
24401
24402
24403
24404
24405
24406
24407
24408
24409
24410
24411
24412
24413
24418
24419
24420
24421
24422
24424
24534
24536
24537
24538
24539
24540
24541
24546
24547
24548
24549
24550
24551
24552
24553
24554
24555
24556
24557
24558
24559
24560
24561
24562
24563
24564
24565
24570
24571
24572
24573
24574
24575
24576
24691
24694
24695
24696
24698
24703
24704
24705
24706
24707
24708
24709
24710
24711
24712
24713
24714
24715
24716
24717
24718
24719
24724
24725
24726
24727
24728
24729
24856
24857
24858
24859
24860
24861
24862
24863
24864
24865
24866
24867
24868
24869
24870
24871
24872
24873
24874
24875
24881
25016
25017
25018
25019
25020
25021
25022
25023
25024
25025
25026
25027
25028
25030
25162
25163
25164
25165
25166
25167
25168
25169
25170
25171
25176
25177
25178
25179
25180
25181
25182
25184
25316
25317
25318
25319
25320
25321
25322
25323
25324
25325
25326
25327
25328
25329
25330
25335
25336
25338
25339
25472
25473
25474
25475
25476
25477
25478
25479
25480
25481
25482
25483
25484
25489
25490
25491
25492
25493
25494
25495
25621
25622
25623
25624
25625
25626
25627
25628
25629
25630
25631
25632
25633
25634
25635
25640
25641
25642
25643
25644
25649
25765
25766
25767
25768
25769
25770
25771
25772
25773
25774
25775
25776
25777
25778
25779
25780
25785
25786
25787
25788
25789
25790
25791
25792
25793
25794
25795
25796
25797
25802
25803
25918
25919
25920
25921
25922
25923
25924
25925
25926
25927
25928
25929
25934
25935
25936
25937
25938
25939
25940
25941
25942
25943
25944
25945
25946
25947
25948
25949
25954
25955
26071
26072
26073
26074
26075
26076
26077
26078
26079
26080
26081
26082
26083
26084
26088
26089
26090
26091
26092
26093
26094
26095
26096
26097
26098
26099
26100
26101
26102
26103
26226
26227
26228
26229
26230
26231
26232
26233
26234
26235
26236
26237
26238
26239
26244
26245
26246
26247
26248
26249
26250
26251
26252
26253
26254
26255
26256
26257
26258
26259
26382
26384
26385
26386
26387
26388
26389
26390
26391
26392
26393
26394
26395
26400
26401
26402
26403
26404
26405
26406
26407
26408
26409
26410
26411
26412
26413
26414
26415
26552
26554
26556
26557
26558
26559
26560
26561
26562
26563
26564
26565
26566
26567
26568
26569
26570
26571
26576
26577
26578
26579
26580
26581
26582
26584
26716
26718
26719
26720
26721
26722
26723
26724
26725
26726
26727
26728
26729
26734
26735
26736
26737
26738
26740
26872
26873
26874
26875
26876
26877
26878
26879
26880
26885
26886
26887
26888
26889
26890
26891
26892
26893
26894
26895
27034
27035
27036
27037
27038
27043
27044
27045
27046
27047
27048
27049
27050
27051
27052
27053
27054
27055
27056
27057
27058
27059
27061
27191
27193
27198
27199
27200
27201
27202
27203
27204
27205
27206
27207
27208
27209
27210
27211
27212
27213
27214
27215
27216
27217
27357
27359
27360
27361
27362
27363
27364
27365
27366
27367
27368
27369
27370
27371
27372
27373
27374
27375
27376
27520
27522
27523
27524
27525
27526
27527
27528
27529
27530
27531
27532
27533
27534
27535
27687
27688
27689
27690
27691
27692
27693
27694
27695
27696
27697
27698
27835
27836
27837
27838
27839
27840
27841
27843
27971
27972
27973
27974
27975
27976
27977
27978
27979
27980
27981
27982
27983
28121
28123
28124
28125
28126
28127
28128
28129
28130
28131
28132
28144
28145
28146
28149
28271
28272
28273
28274
28275
28276
28280
28281
28282
28283
28284
28285
28286
28287
28288
28289
28290
28291
28292
28293
28307
28308
28309
28310
28312
28340
28342
28428
28429
28430
28436
28437
28438
28439
28440
28441
28442
28443
28456
28457
28458
28459
28460
28461
28462
28463
28464
28465
28466
28467
28468
28469
28471
28498
28565
28566
28567
28568
28569
28570
28571
28572
28573
28574
28575
28576
28577
28578
28593
28594
28595
28596
28597
28598
28599
28600
28601
28602
28603
28604
28605
28623
28666
28667
28668
28676
28678
28679
28680
28681
28682
28683
28684
28685
28686
28687
28688
28689
28712
28713
28714
28715
28716
28717
28718
28719
28720
28721
28722
28726
28728
28759
28760
28761
28762
28763
28764
28775
28776
28777
28778
28779
28780
28781
28782
28783
28784
28785
28786
28787
28788
28789
28801
28802
28803
28804
28805
28806
28807
28808
28837
28838
28839
28840
28841
28842
28843
28844
28845
28854
28855
28856
28857
28858
28859
28860
28861
28862
28863
28864
28865
28866
28867
28868
28871
28872
28873
28874
28875
28893
28895
28896
28897
28898
28899
28900
28912
28913
28914
28915
28916
28917
28918
28919
28920
28921
28922
28935
28936
28937
28938
28939
28940
28944
