5
6
7
8
9
10
12
13
14
19
20
21
22
23
24
25
26
27
28
29
30
31
32
33
34
35
36
37
38
39
40
41
42
43
44
48
49
51
52
53
54
55
56
57
58
59
60
61
62
63
64
65
66
67
68
69
70
71
76
77
79
80
81
82
83
84
85
86
87
88
89
90
91
92
93
94
95
96
97
101
104
105
106
107
108
109
110
111
112
113
114
115
116
117
118
119
133
134
135
136
137
138
139
140
141
142
143
144
145
146
157
158
159
160
161
162
163
164
165
166
167
168
169
182
183
184
185
186
187
188
189
190
191
192
193
203
204
205
206
207
208
209
210
211
212
213
214
215
216
220
221
223
224
225
226
227
228
229
230
231
232
233
234
235
236
237
239
240
241
245
248
251
252
253
254
255
256
257
258
259
260
261
262
263
264
265
266
267
268
269
270
271
272
273
274
275
276
279
280
281
282
283
284
285
286
287
288
289
290
291
293
296
297
298
299
300
301
302
303
304
305
306
312
313
314
315
316
317
318
319
320
321
322
324
325
326
329
331
340
343
344
345
346
347
348
349
350
351
352
353
354
355
356
357
358
359
368
369
370
371
372
373
374
375
376
377
378
379
380
381
382
383
393
394
395
396
397
398
399
400
401
402
403
404
413
414
415
515
516
517
518
519
530
531
532
533
534
535
544
546
547
548
549
550
551
552
553
555
558
559
560
561
562
563
564
565
566
567
568
569
570
571
574
575
578
581
583
584
585
586
587
588
589
590
591
592
593
594
598
599
600
601
602
603
604
605
606
607
608
610
619
620
621
622
623
624
625
626
627
628
639
640
641
642
913
915
918
919
920
923
924
925
929
932
933
934
935
936
937
938
939
940
941
942
953
954
955
956
971
3275
3276
3278
3280
3281
3283
3605
3606
3614
3615
3616
3617
3618
3619
3620
3621
3622
3623
3624
3625
3628
3629
3630
3827
3828
3829
3830
3831
3832
3838
3839
3840
3841
3842
3843
3844
3845
3846
3847
3848
3849
3850
3851
3852
3853
3854
3855
3863
3864
3865
3866
3867
3868
3869
3870
3871
3872
3873
3874
3875
3876
3877
3878
3884
3886
3887
3888
3889
3890
3891
3892
3893
3894
3895
3896
3897
3898
3899
3904
3905
3906
3907
3908
3909
3910
3911
3912
3913
3916
3917
3918
4082
4083
4084
4085
4086
4087
4088
4089
4090
4091
4092
4093
4094
4095
4096
4097
4104
4105
4106
4107
4108
4109
4110
4111
4112
4113
4114
4115
4116
4117
4124
4125
4126
4127
4128
4129
4130
4131
4132
4133
4134
4135
4136
4137
4143
4144
4145
4146
4147
4148
4149
4150
4151
4152
4153
4154
4155
4156
4157
4158
4159
4162
4163
4164
4165
4166
4167
4168
4169
4170
4171
4172
4173
4174
4176
4177
4178
4181
4182
4184
4191
4192
4193
4194
4195
4196
4197
4198
4199
4201
4202
4208
4210
4211
4212
4213
4214
4216
4277
4288
4289
4290
4298
4301
4302
4303
4304
4305
4306
4307
4308
4309
4310
4311
4312
4313
4314
4315
4316
4317
4324
4325
4326
4327
4328
4329
4330
4331
4332
4333
4334
4335
4336
4337
4344
4345
4346
4347
4348
4349
4350
4351
4352
4353
4354
4355
4356
4357
4359
4364
4365
4366
4367
4368
4369
4370
4371
4372
4373
4374
4375
4376
4377
4378
4379
4382
4383
4384
4385
4386
4387
4388
4389
4390
4391
4392
4393
4394
4395
4396
4397
4399
4400
4401
4402
4403
4404
4405
4406
4407
4408
4409
4410
4411
4412
4413
4414
4415
4416
4417
4418
4419
4420
4421
4422
4426
4427
4428
4429
4430
4431
4432
4433
4434
4435
4436
4437
4438
4439
4440
4441
4446
4447
4448
4449
4450
4451
4452
4453
4454
4455
4456
4457
4458
4459
4460
4466
4468
4469
4470
4471
4472
4473
4474
4475
4476
4477
4478
4479
4486
4488
4489
4490
4491
4492
4493
4494
4495
4496
4497
4498
4499
4503
4504
4505
4506
4507
4508
4509
4510
4511
4512
4513
4514
4515
4516
4519
4520
4521
4522
4523
4524
4525
4526
4527
4528
4529
4530
4531
4532
4536
4537
4538
4539
4540
4541
4542
4543
4544
4545
4546
4547
4548
4549
4550
4551
4552
4553
4554
